0.014266014099121094
0.013869047164916992
0.015833139419555664
0.01380610466003418
0.014962911605834961
0.020716190338134766
0.010118961334228516
0.01363682746887207
0.020753145217895508
0.011335134506225586
0.012769937515258789
0.016190052032470703
0.014436960220336914
0.014024972915649414
0.011747121810913086
0.014915943145751953
0.0175631046295166
0.009937047958374023
0.014990091323852539
0.01242685317993164
0.01395106315612793
0.010075092315673828
0.02556610107421875
0.01091909408569336
0.010879993438720703
0.01523590087890625
0.016795873641967773
0.01087808609008789
0.010936975479125977
0.019739151000976562
0.02405381202697754
0.014425992965698242
0.019659042358398438
0.01532292366027832
0.014481067657470703
0.016456127166748047
0.017976999282836914
0.015444040298461914
0.011410951614379883
0.01376485824584961
0.022104978561401367
0.011250019073486328
0.012099027633666992
0.015027999877929688
0.012502908706665039
0.01057291030883789
0.020367860794067383
0.016179800033569336
0.010207176208496094
0.015062093734741211
0.015443086624145508
0.017405986785888672
0.010214090347290039
0.01848912239074707
0.02182292938232422
0.0244138240814209
0.01937389373779297
0.014158010482788086
0.01389312744140625
0.016518115997314453
0.021725893020629883
0.013874053955078125
0.011790037155151367
0.019212961196899414
0.018409013748168945
0.013675928115844727
0.014143943786621094
0.014945030212402344
0.011260032653808594
0.028009891510009766
0.012284040451049805
0.011642932891845703
0.011240005493164062
0.018188953399658203
0.014972925186157227
0.020309925079345703
0.012350797653198242
0.02513885498046875
0.014856100082397461
0.015352010726928711
0.025825023651123047
0.010766029357910156
0.025519847869873047
0.018786907196044922
0.018023967742919922
0.02360987663269043
0.013355016708374023
0.024441003799438477
0.021235942840576172
0.011623144149780273
0.019109010696411133
0.01319122314453125
0.014572858810424805
0.020725011825561523
0.024432897567749023
0.011509895324707031
0.026623964309692383
0.01649785041809082
0.014456987380981445
0.022263050079345703
