0.051618099212646484
0.00787806510925293
0.005464792251586914
0.007411003112792969
0.008296966552734375
0.0076558589935302734
0.007169961929321289
0.007592916488647461
0.005563020706176758
0.007470130920410156
0.006293058395385742
0.005517005920410156
0.00528407096862793
0.006017923355102539
0.005384922027587891
0.005782127380371094
0.007910013198852539
0.008282184600830078
0.0055959224700927734
0.00704503059387207
0.0055959224700927734
0.0063629150390625
0.007895231246948242
0.006890058517456055
0.007355213165283203
0.005644083023071289
0.008018970489501953
0.00699305534362793
0.005467891693115234
0.0061419010162353516
0.010324954986572266
0.00822305679321289
0.007205963134765625
0.0060999393463134766
0.006806850433349609
0.005133867263793945
0.00642704963684082
0.006440162658691406
0.00686192512512207
0.007845878601074219
0.006596088409423828
0.007339000701904297
0.012253999710083008
0.007482051849365234
0.007536888122558594
0.006220817565917969
0.0072400569915771484
0.006126880645751953
0.005853891372680664
0.008417129516601562
0.011919975280761719
0.009820938110351562
0.009079933166503906
0.011254072189331055
0.012513875961303711
0.012024164199829102
0.01153707504272461
0.012473106384277344
0.011011123657226562
0.011337995529174805
0.01019906997680664
0.011368036270141602
0.011584043502807617
0.012033939361572266
0.011317014694213867
0.011185884475708008
0.012511014938354492
0.011816978454589844
0.011723995208740234
0.011417150497436523
0.011099815368652344
0.010330915451049805
0.009662151336669922
0.006735086441040039
0.007750034332275391
0.008352041244506836
0.007863998413085938
0.007965087890625
0.00781393051147461
0.008630990982055664
0.008249044418334961
0.009139060974121094
0.009181022644042969
0.01140904426574707
0.011416912078857422
0.011497974395751953
0.01130819320678711
0.011605024337768555
0.012192964553833008
0.011504888534545898
0.010927200317382812
0.008910894393920898
0.011970996856689453
0.011494874954223633
0.012192964553833008
0.011865854263305664
0.010985851287841797
0.007714986801147461
0.0053288936614990234
0.008491039276123047
0.008035898208618164
0.005813121795654297
0.0058438777923583984
0.007675886154174805
0.008901119232177734
0.005388021469116211
0.006370067596435547
0.0064280033111572266
0.006597995758056641
0.005959033966064453
0.00817108154296875
0.006050825119018555
0.008980989456176758
0.008900880813598633
0.007222890853881836
0.00827789306640625
0.0073812007904052734
0.0077970027923583984
0.00764012336730957
0.011393070220947266
0.011358022689819336
0.011484861373901367
0.011368989944458008
0.011656045913696289
0.011345863342285156
0.010419130325317383
0.011646032333374023
0.011389970779418945
0.011482954025268555
0.011233091354370117
0.011295795440673828
0.011312007904052734
0.01140594482421875
0.011262893676757812
0.01017618179321289
0.010754108428955078
0.009840965270996094
0.009584188461303711
0.009936094284057617
0.009550809860229492
0.006298065185546875
0.006163120269775391
0.0071620941162109375
0.006927967071533203
0.005548954010009766
0.0070040225982666016
0.005545139312744141
0.0072019100189208984
0.005234956741333008
0.0062978267669677734
0.005800962448120117
0.0061321258544921875
0.005839824676513672
0.009892940521240234
0.009521007537841797
0.006064176559448242
0.0057010650634765625
0.005340099334716797
0.005602121353149414
0.005571126937866211
0.005767107009887695
0.007773876190185547
0.008270978927612305
0.007770061492919922
0.006512165069580078
0.005464076995849609
0.005445957183837891
0.0062100887298583984
0.0052509307861328125
0.00540614128112793
0.005356788635253906
0.00591588020324707
0.007414102554321289
0.006198883056640625
0.005518198013305664
0.0058689117431640625
0.005766868591308594
0.00535893440246582
0.005604982376098633
0.005422115325927734
0.005266904830932617
0.005738019943237305
0.008280038833618164
0.005944013595581055
0.006042957305908203
0.005872011184692383
0.0053479671478271484
0.005563020706176758
0.006192922592163086
0.005944967269897461
0.005299091339111328
0.005268096923828125
0.0056819915771484375
0.005527973175048828
0.005198955535888672
0.005590200424194336
0.005208015441894531
0.005747079849243164
0.006033897399902344
0.0055849552154541016
0.005267143249511719
0.005609035491943359
0.006490945816040039
0.006598949432373047
0.0059909820556640625
0.005347013473510742
0.005710124969482422
0.005511045455932617
0.0052490234375
0.00556492805480957
0.005656003952026367
0.006124019622802734
0.005663156509399414
0.006767988204956055
0.007445096969604492
0.007586002349853516
0.005621910095214844
0.006025075912475586
0.0066030025482177734
0.005600929260253906
0.005422830581665039
0.005747079849243164
0.0053441524505615234
0.005300998687744141
0.0052928924560546875
0.005471944808959961
0.0053310394287109375
0.005493879318237305
0.0058438777923583984
0.00531005859375
0.005995988845825195
0.005540132522583008
0.007748126983642578
0.0063478946685791016
0.006124973297119141
0.007954120635986328
0.006504058837890625
0.0057718753814697266
0.006359100341796875
0.007877111434936523
0.006345987319946289
0.0059549808502197266
0.0056018829345703125
0.0055730342864990234
0.005441904067993164
0.0053730010986328125
0.00844120979309082
0.006412029266357422
0.0060770511627197266
0.0070629119873046875
0.005555152893066406
0.008147001266479492
0.0065081119537353516
0.005254983901977539
0.0052089691162109375
0.005383014678955078
0.005997180938720703
0.005942106246948242
0.0052509307861328125
0.0053980350494384766
0.00517582893371582
0.00824284553527832
0.006202220916748047
0.006541013717651367
0.009983062744140625
0.006902933120727539
0.0057370662689208984
0.0052280426025390625
0.005409955978393555
0.005486965179443359
0.005388021469116211
0.005216836929321289
0.006378173828125
0.005819082260131836
0.006269931793212891
0.008185863494873047
0.006361961364746094
0.005836963653564453
0.005658149719238281
0.0052700042724609375
0.005384922027587891
0.005282163619995117
0.005261898040771484
0.005571126937866211
0.006474971771240234
0.005630016326904297
0.005327939987182617
0.005471944808959961
0.005666017532348633
0.007689952850341797
0.006184101104736328
0.005885124206542969
0.00541996955871582
0.005771160125732422
0.005230903625488281
0.0053708553314208984
0.007750034332275391
0.005908012390136719
0.0065059661865234375
0.005182981491088867
0.005615949630737305
0.007171154022216797
0.005508899688720703
0.005899906158447266
0.005491971969604492
0.005702018737792969
0.005541086196899414
0.006041049957275391
0.005294084548950195
0.007175922393798828
0.006229877471923828
0.005382061004638672
0.008018970489501953
0.006196022033691406
0.006134986877441406
0.00536799430847168
0.005465984344482422
0.00542902946472168
0.00535893440246582
0.0053098201751708984
0.005343914031982422
0.0059490203857421875
0.005229949951171875
0.005549192428588867
0.0067899227142333984
0.0059740543365478516
0.00660395622253418
0.00813603401184082
0.005898952484130859
0.0064771175384521484
0.0059931278228759766
0.00551915168762207
0.008313894271850586
0.006062984466552734
0.005721092224121094
0.005291938781738281
0.005978822708129883
0.006785154342651367
0.006596088409423828
0.007889032363891602
0.0062029361724853516
0.005497932434082031
0.0055789947509765625
0.006144046783447266
0.00623011589050293
0.0053558349609375
0.006072998046875
0.005706787109375
0.005364179611206055
0.00539398193359375
0.0055119991302490234
0.006730794906616211
0.005928993225097656
0.0055789947509765625
0.007379055023193359
0.005397796630859375
0.005560874938964844
0.005602121353149414
0.005594968795776367
0.005836009979248047
0.005824089050292969
0.005811929702758789
0.0056269168853759766
0.005236148834228516
0.00542902946472168
0.007158994674682617
0.006184101104736328
0.005679130554199219
0.005568981170654297
0.0054361820220947266
0.005204916000366211
0.005500078201293945
0.005642890930175781
0.005820035934448242
0.005433082580566406
0.005398988723754883
0.00539708137512207
0.005835056304931641
0.005254030227661133
0.005487918853759766
0.005886077880859375
0.005953073501586914
0.0069119930267333984
0.007980108261108398
0.005248069763183594
0.005326032638549805
0.0064280033111572266
0.006568193435668945
0.005666971206665039
0.005759000778198242
0.006190061569213867
0.005780935287475586
0.006038188934326172
0.005584001541137695
0.005277156829833984
0.0064470767974853516
0.007508993148803711
0.005178928375244141
0.005291938781738281
0.0072269439697265625
0.005532979965209961
0.005365848541259766
0.005728960037231445
0.008057117462158203
0.006914854049682617
0.005519866943359375
0.005327939987182617
0.0057239532470703125
0.005959033966064453
0.007145881652832031
0.005398988723754883
0.006555795669555664
0.005571842193603516
0.006106138229370117
0.007402181625366211
0.00646519660949707
0.0065000057220458984
0.005753040313720703
0.006056070327758789
0.006722927093505859
0.006103038787841797
0.006632804870605469
0.007544994354248047
0.005230903625488281
0.005248069763183594
0.005519866943359375
0.005290031433105469
0.005373954772949219
0.0052030086517333984
0.005594968795776367
0.005836963653564453
0.007318019866943359
0.00545811653137207
0.005456209182739258
0.006323099136352539
0.0059740543365478516
0.005805015563964844
0.005494117736816406
0.008275985717773438
0.005574941635131836
0.005886077880859375
0.0068089962005615234
0.006412029266357422
0.0055179595947265625
0.009388923645019531
0.0061490535736083984
0.005496025085449219
0.005455970764160156
0.005384922027587891
0.0071370601654052734
0.006342887878417969
0.005543947219848633
0.005245208740234375
0.0068149566650390625
0.0058171749114990234
0.006678104400634766
0.0053861141204833984
0.005311012268066406
0.005290985107421875
0.006476163864135742
0.00609898567199707
0.005774974822998047
0.006338834762573242
0.00546717643737793
0.00664210319519043
0.007059812545776367
0.006025791168212891
0.0055789947509765625
0.0055348873138427734
0.005585908889770508
0.005326986312866211
0.005690813064575195
0.0053310394287109375
0.005320072174072266
0.008219003677368164
0.006438016891479492
0.005475044250488281
0.006018161773681641
0.005477190017700195
0.005399942398071289
0.005530118942260742
0.005792856216430664
0.008257150650024414
0.006320953369140625
0.005864143371582031
0.005305051803588867
0.00544285774230957
0.005618095397949219
0.005376100540161133
0.005752086639404297
0.00557398796081543
0.005742073059082031
0.005527973175048828
0.007569074630737305
0.006147861480712891
0.007864952087402344
0.00799703598022461
0.007124900817871094
0.009688854217529297
0.007727146148681641
0.006563901901245117
0.009493827819824219
0.007278919219970703
0.006455183029174805
0.006946086883544922
0.008195877075195312
0.007787942886352539
0.0064029693603515625
0.005767107009887695
0.0056040287017822266
0.0055599212646484375
0.005253791809082031
0.006021022796630859
0.0055999755859375
0.005611896514892578
0.006110191345214844
0.005379915237426758
0.006673097610473633
0.007972002029418945
0.0071201324462890625
0.0052700042724609375
0.005527973175048828
0.007126808166503906
0.006814002990722656
0.006086826324462891
0.005445003509521484
0.005357027053833008
0.008345842361450195
0.006926059722900391
0.005957126617431641
0.005567073822021484
0.005494832992553711
0.005363941192626953
0.005656003952026367
0.005354166030883789
0.005406856536865234
0.0054399967193603516
0.0053288936614990234
0.005240917205810547
0.005302906036376953
0.005285978317260742
0.005398988723754883
0.005246877670288086
0.0063169002532958984
0.005341053009033203
0.005362033843994141
0.005892038345336914
0.005635976791381836
0.0059909820556640625
0.0061740875244140625
0.005255937576293945
0.00606989860534668
0.0052640438079833984
0.005873203277587891
0.005149126052856445
0.005519866943359375
0.005452156066894531
0.005432844161987305
0.0053691864013671875
0.005631923675537109
0.005563020706176758
0.005983114242553711
0.00534820556640625
0.005357980728149414
0.005457878112792969
0.006292104721069336
0.006574153900146484
0.00574183464050293
0.00799417495727539
0.0064220428466796875
0.00559687614440918
0.005632162094116211
0.008006095886230469
0.006402015686035156
0.005692005157470703
0.008471012115478516
0.0073621273040771484
0.005836009979248047
0.007317066192626953
0.007734060287475586
0.0053920745849609375
0.006760120391845703
0.005800962448120117
0.005740165710449219
0.0073931217193603516
0.00622105598449707
0.0055730342864990234
0.0054700374603271484
0.005569934844970703
0.006148099899291992
0.0056629180908203125
0.005526065826416016
0.008275985717773438
0.006726980209350586
0.005672931671142578
0.005240201950073242
0.005510091781616211
0.00535893440246582
0.006145000457763672
0.005272865295410156
0.006545066833496094
0.005825996398925781
0.0056989192962646484
0.006385087966918945
0.005326986312866211
0.006598949432373047
0.007117033004760742
0.005670070648193359
0.008188962936401367
0.00623011589050293
0.005568027496337891
0.007712125778198242
0.006582021713256836
0.006811857223510742
0.006911039352416992
0.005570888519287109
0.006172895431518555
0.007869958877563477
0.005352020263671875
0.005600929260253906
0.00548100471496582
0.006214141845703125
0.005815982818603516
0.008630037307739258
0.006434917449951172
0.006168842315673828
0.005600929260253906
0.005461931228637695
0.005223989486694336
0.005500078201293945
0.005686044692993164
0.005620002746582031
0.006483793258666992
0.005533933639526367
0.0056879520416259766
0.00598907470703125
0.006283998489379883
0.006437063217163086
0.005964040756225586
0.006331920623779297
0.006551027297973633
0.005728006362915039
0.0070760250091552734
0.005593776702880859
0.005890846252441406
0.006501197814941406
0.005364179611206055
0.005533933639526367
0.00618290901184082
0.006521940231323242
0.008141040802001953
0.0065271854400634766
0.005586862564086914
0.006162881851196289
0.007977962493896484
0.00622105598449707
0.005702972412109375
0.0064640045166015625
0.0053958892822265625
0.0055429935455322266
0.007845878601074219
0.005998134613037109
0.00584101676940918
0.00734400749206543
0.00601506233215332
0.006258964538574219
0.0072078704833984375
0.006033182144165039
0.007308006286621094
0.0059490203857421875
0.005411863327026367
0.008344173431396484
0.005567073822021484
0.0055158138275146484
0.005538225173950195
0.0051670074462890625
0.0056247711181640625
0.005324840545654297
0.005798816680908203
0.006807088851928711
0.005636930465698242
0.006412029266357422
0.00690007209777832
0.006712913513183594
0.007003068923950195
0.0053310394287109375
0.0056531429290771484
0.0062558650970458984
0.005280971527099609
0.005435943603515625
0.005760908126831055
0.0055468082427978516
0.006145954132080078
0.0052280426025390625
0.0054090023040771484
0.005510091781616211
0.00557398796081543
0.005202054977416992
0.00533294677734375
0.005537986755371094
0.00604701042175293
0.006860017776489258
0.0057659149169921875
0.005316972732543945
0.005206108093261719
0.006215095520019531
0.005738973617553711
0.005799055099487305
0.005493879318237305
0.005244016647338867
0.0054988861083984375
0.0055921077728271484
0.005387067794799805
0.005270957946777344
0.00551295280456543
0.0051479339599609375
0.0056760311126708984
0.005439043045043945
0.005362033843994141
0.005372047424316406
0.005870819091796875
0.0057790279388427734
0.0064198970794677734
0.005820035934448242
0.007261991500854492
0.0054700374603271484
0.005972146987915039
0.005727052688598633
0.005351066589355469
0.005249977111816406
0.0064928531646728516
0.0063588619232177734
0.005476951599121094
0.005713939666748047
0.007339954376220703
0.006564140319824219
0.006089210510253906
0.0052988529205322266
0.005418062210083008
0.005532026290893555
0.0057718753814697266
0.0063190460205078125
0.005414009094238281
0.005475044250488281
0.005666971206665039
0.005535125732421875
0.0057909488677978516
0.005600929260253906
0.005815982818603516
0.0057070255279541016
0.006126880645751953
0.007629871368408203
0.006294965744018555
0.006470918655395508
0.0058748722076416016
0.005644083023071289
0.00604701042175293
0.005330085754394531
0.005399942398071289
0.005263090133666992
0.0057260990142822266
0.00562596321105957
0.005460023880004883
0.005300998687744141
0.005305051803588867
0.005313873291015625
0.005426168441772461
0.007935047149658203
0.006368875503540039
0.006042957305908203
0.005730867385864258
0.005630970001220703
0.00640106201171875
0.006489992141723633
0.0074710845947265625
0.005601167678833008
0.005621194839477539
0.006227970123291016
0.005264997482299805
0.00597381591796875
0.005198955535888672
0.005338907241821289
0.005908012390136719
0.007376194000244141
0.006725788116455078
0.0059278011322021484
0.007393836975097656
0.006779193878173828
0.005553007125854492
0.005537986755371094
0.005897045135498047
0.005629062652587891
0.005415916442871094
0.005851030349731445
0.007042884826660156
0.005986928939819336
0.007419109344482422
0.0074460506439208984
0.006518840789794922
0.005818843841552734
0.005937814712524414
0.005568981170654297
0.0075762271881103516
0.006134033203125
0.005602836608886719
0.005575895309448242
0.007146120071411133
0.006078004837036133
0.006097078323364258
0.008304119110107422
0.007863998413085938
0.005419015884399414
0.006011962890625
0.00712895393371582
0.005380868911743164
0.006557941436767578
0.005311012268066406
0.005415916442871094
0.005732059478759766
0.005563020706176758
0.0055119991302490234
0.008311986923217773
0.006685972213745117
0.00580596923828125
0.005651950836181641
0.0063860416412353516
0.005609035491943359
0.0060770511627197266
0.008116006851196289
0.006041049957275391
0.0057981014251708984
0.007535219192504883
0.006371021270751953
0.005971193313598633
0.008319854736328125
0.006365060806274414
0.00645899772644043
0.005939006805419922
0.00636601448059082
0.008072853088378906
0.005430936813354492
0.0053369998931884766
0.0058519840240478516
0.008320093154907227
0.0061190128326416016
0.005785942077636719
0.006312131881713867
0.0057220458984375
0.00545501708984375
0.007659196853637695
0.006396055221557617
0.007333993911743164
0.006448030471801758
0.005618095397949219
0.005558013916015625
0.0057299137115478516
0.008132219314575195
0.006426095962524414
0.005403041839599609
0.00816202163696289
0.006145954132080078
0.005621910095214844
0.0061168670654296875
0.005399942398071289
0.005304098129272461
0.005410909652709961
0.007445096969604492
0.006846189498901367
0.006325960159301758
0.0056819915771484375
0.006412982940673828
0.0070569515228271484
0.00615692138671875
0.006335020065307617
0.005525827407836914
0.005174875259399414
0.0053501129150390625
0.005527019500732422
0.0052509307861328125
0.005327939987182617
0.008272171020507812
0.007202863693237305
0.007163047790527344
0.0056629180908203125
0.006674051284790039
0.0055179595947265625
0.007970094680786133
0.005719900131225586
0.005557060241699219
0.005858898162841797
0.00568389892578125
0.0074350833892822266
0.0069010257720947266
0.005499839782714844
0.0057909488677978516
0.006421089172363281
0.005732059478759766
0.006031990051269531
0.0068399906158447266
0.0062351226806640625
0.00880289077758789
0.005769014358520508
0.006374835968017578
0.005654096603393555
0.005343198776245117
0.005221128463745117
0.00578618049621582
0.005291938781738281
0.005466938018798828
0.008607149124145508
0.0060770511627197266
0.005897998809814453
0.005307912826538086
0.00536799430847168
0.0055658817291259766
0.005940914154052734
0.005223989486694336
0.005546092987060547
0.005491018295288086
0.005615949630737305
0.005580902099609375
0.0059549808502197266
0.005983829498291016
0.0057299137115478516
0.009551048278808594
0.006618976593017578
0.0062181949615478516
0.005702972412109375
0.0059909820556640625
0.005622148513793945
0.007391929626464844
0.006165027618408203
0.0062160491943359375
0.005575895309448242
0.006838798522949219
0.005563020706176758
0.008339881896972656
0.005471944808959961
0.005563020706176758
0.005486011505126953
0.00757908821105957
0.006409168243408203
0.006409168243408203
0.006075859069824219
0.0059201717376708984
0.0061419010162353516
0.006729841232299805
0.005983114242553711
0.006190061569213867
0.005274057388305664
0.006042003631591797
0.0063970088958740234
0.005554914474487305
0.00522303581237793
0.0055010318756103516
0.00528407096862793
0.00640106201171875
0.0053119659423828125
0.006512880325317383
0.0059320926666259766
0.006356954574584961
0.0056002140045166016
0.006902933120727539
0.0065460205078125
0.007648944854736328
0.00621795654296875
0.005457162857055664
0.005319118499755859
0.005433082580566406
0.005585908889770508
0.006189107894897461
0.0053119659423828125
0.005566120147705078
0.005669832229614258
0.005750179290771484
0.005259037017822266
0.0053560733795166016
0.006537914276123047
0.006448984146118164
0.008453130722045898
0.005948066711425781
0.005650997161865234
0.0076181888580322266
0.0069501399993896484
0.008073091506958008
0.006266117095947266
0.0060329437255859375
0.007038116455078125
0.0064160823822021484
0.006033897399902344
0.005609989166259766
0.005457162857055664
0.005374908447265625
0.005785942077636719
0.006663084030151367
0.011422157287597656
0.010864019393920898
0.011534929275512695
0.011207103729248047
0.011765003204345703
