0.08993196487426758
0.007030010223388672
0.006807088851928711
0.0068950653076171875
0.0058441162109375
0.009119033813476562
0.007934093475341797
0.007273197174072266
0.006227970123291016
0.007205963134765625
0.007077932357788086
0.014124155044555664
0.006601095199584961
0.006795167922973633
0.011132001876831055
0.007375955581665039
0.017261981964111328
0.008527994155883789
0.010265111923217773
0.0068531036376953125
0.00927591323852539
0.017129898071289062
0.006836891174316406
0.008028984069824219
0.010516166687011719
0.01920008659362793
0.012672901153564453
0.007351875305175781
0.009274005889892578
0.010793924331665039
0.02351689338684082
0.014245986938476562
0.01327204704284668
0.015019893646240234
0.012130022048950195
0.0067310333251953125
0.006554126739501953
0.04799699783325195
0.01200103759765625
0.009300947189331055
0.013271093368530273
0.007704973220825195
0.0070040225982666016
0.007594108581542969
0.006966829299926758
0.006792783737182617
0.007423877716064453
0.009807825088500977
0.010996818542480469
0.0072710514068603516
0.008051872253417969
0.006240129470825195
0.006378889083862305
0.008085012435913086
0.009325027465820312
0.008506059646606445
0.00636601448059082
0.006700992584228516
0.007266998291015625
0.006036043167114258
0.010396003723144531
0.008048057556152344
0.01387786865234375
0.006184101104736328
0.007496833801269531
0.006846904754638672
0.011697053909301758
0.009356975555419922
0.0061719417572021484
0.006396770477294922
0.007904052734375
0.006411075592041016
0.011211156845092773
0.01140594482421875
0.008187055587768555
0.008297920227050781
0.006497859954833984
0.010213851928710938
0.013297080993652344
0.01665782928466797
0.00644993782043457
0.009155988693237305
0.00636601448059082
0.010895967483520508
0.01386404037475586
0.0063970088958740234
0.007296085357666016
0.008471012115478516
0.010193109512329102
0.008656978607177734
0.011035919189453125
0.007665872573852539
0.014566898345947266
0.00763702392578125
0.00620579719543457
0.011041879653930664
0.006788969039916992
0.009714126586914062
0.006649971008300781
0.007191896438598633
