20
0 	1
0 	 	0 	 	0 	 	0 	 	0 	 	0 	 	3 	 	0 	 	0 	 	0 	 	0 	 	0 	 	0 	 	0 	 	4 	 	0 	 	0 	 	0 	 	12 	 	0 	 	
0 	 	0 	 	11 	 	0 	 	0 	 	0 	 	4 	 	12 	 	0 	 	0 	 	8 	 	0 	 	5 	 	5 	 	0 	 	0 	 	0 	 	0 	 	0 	 	0 	 	
0 	 	0 	 	0 	 	19 	 	0 	 	0 	 	0 	 	0 	 	0 	 	15 	 	0 	 	0 	 	0 	 	0 	 	0 	 	0 	 	1 	 	0 	 	18 	 	5 	 	
19 	 	4 	 	0 	 	0 	 	0 	 	0 	 	0 	 	0 	 	9 	 	0 	 	0 	 	18 	 	0 	 	0 	 	0 	 	0 	 	0 	 	1 	 	0 	 	0 	 	
2 	 	15 	 	0 	 	0 	 	0 	 	0 	 	0 	 	0 	 	14 	 	0 	 	0 	 	0 	 	15 	 	7 	 	0 	 	10 	 	0 	 	1 	 	0 	 	0 	 	
0 	 	0 	 	0 	 	19 	 	0 	 	0 	 	0 	 	0 	 	0 	 	11 	 	0 	 	0 	 	4 	 	14 	 	0 	 	0 	 	0 	 	0 	 	0 	 	9 	 	
0 	 	1 	 	0 	 	0 	 	0 	 	14 	 	0 	 	6 	 	0 	 	4 	 	0 	 	0 	 	0 	 	0 	 	0 	 	1 	 	0 	 	15 	 	0 	 	0 	 	
13 	 	0 	 	0 	 	18 	 	0 	 	0 	 	0 	 	0 	 	18 	 	0 	 	0 	 	2 	 	1 	 	0 	 	0 	 	0 	 	0 	 	5 	 	0 	 	0 	 	
3 	 	3 	 	9 	 	0 	 	0 	 	0 	 	14 	 	2 	 	0 	 	0 	 	0 	 	6 	 	16 	 	0 	 	0 	 	2 	 	7 	 	0 	 	0 	 	10 	 	
6 	 	0 	 	0 	 	0 	 	12 	 	0 	 	5 	 	0 	 	13 	 	0 	 	0 	 	0 	 	0 	 	0 	 	0 	 	0 	 	5 	 	0 	 	7 	 	0 	 	
17 	 	12 	 	0 	 	0 	 	0 	 	0 	 	14 	 	0 	 	0 	 	12 	 	0 	 	2 	 	0 	 	8 	 	0 	 	10 	 	0 	 	16 	 	0 	 	0 	 	
0 	 	0 	 	9 	 	0 	 	0 	 	0 	 	11 	 	0 	 	0 	 	0 	 	14 	 	0 	 	12 	 	9 	 	0 	 	0 	 	2 	 	0 	 	0 	 	0 	 	
0 	 	0 	 	0 	 	0 	 	13 	 	0 	 	12 	 	0 	 	6 	 	0 	 	0 	 	3 	 	0 	 	0 	 	18 	 	0 	 	9 	 	0 	 	0 	 	5 	 	
16 	 	5 	 	0 	 	13 	 	2 	 	0 	 	12 	 	16 	 	14 	 	0 	 	9 	 	17 	 	0 	 	0 	 	0 	 	0 	 	0 	 	0 	 	0 	 	0 	 	
1 	 	0 	 	12 	 	0 	 	0 	 	0 	 	0 	 	10 	 	0 	 	0 	 	0 	 	0 	 	0 	 	0 	 	0 	 	7 	 	0 	 	2 	 	0 	 	0 	 	
0 	 	0 	 	0 	 	19 	 	0 	 	0 	 	0 	 	0 	 	3 	 	3 	 	0 	 	12 	 	0 	 	14 	 	3 	 	0 	 	16 	 	0 	 	0 	 	19 	 	
0 	 	0 	 	15 	 	0 	 	0 	 	16 	 	16 	 	0 	 	0 	 	9 	 	17 	 	0 	 	10 	 	0 	 	0 	 	0 	 	0 	 	0 	 	0 	 	0 	 	
0 	 	10 	 	0 	 	0 	 	9 	 	0 	 	6 	 	0 	 	0 	 	4 	 	3 	 	19 	 	0 	 	0 	 	4 	 	0 	 	0 	 	0 	 	0 	 	9 	 	
0 	 	3 	 	7 	 	0 	 	0 	 	8 	 	0 	 	7 	 	0 	 	10 	 	0 	 	15 	 	13 	 	0 	 	0 	 	0 	 	0 	 	6 	 	0 	 	0 	 	
0 	 	16 	 	15 	 	11 	 	9 	 	0 	 	0 	 	0 	 	0 	 	0 	 	5 	 	0 	 	0 	 	0 	 	0 	 	0 	 	3 	 	0 	 	17 	 	0 	 	
