20
9 	6
0 	 	0 	 	0 	 	1 	 	17 	 	13 	 	14 	 	0 	 	13 	 	16 	 	11 	 	16 	 	7 	 	18 	 	16 	 	7 	 	9 	 	0 	 	6 	 	0 	 	
15 	 	0 	 	7 	 	0 	 	17 	 	3 	 	0 	 	18 	 	0 	 	5 	 	10 	 	5 	 	18 	 	0 	 	19 	 	15 	 	14 	 	8 	 	4 	 	0 	 	
0 	 	17 	 	0 	 	18 	 	11 	 	15 	 	6 	 	0 	 	14 	 	0 	 	0 	 	0 	 	4 	 	14 	 	17 	 	19 	 	0 	 	4 	 	9 	 	6 	 	
14 	 	0 	 	16 	 	0 	 	0 	 	0 	 	0 	 	11 	 	12 	 	16 	 	0 	 	1 	 	2 	 	11 	 	0 	 	12 	 	7 	 	15 	 	0 	 	2 	 	
0 	 	16 	 	8 	 	13 	 	0 	 	11 	 	0 	 	3 	 	8 	 	15 	 	0 	 	18 	 	18 	 	0 	 	8 	 	15 	 	18 	 	5 	 	14 	 	14 	 	
9 	 	3 	 	13 	 	1 	 	7 	 	0 	 	18 	 	13 	 	3 	 	0 	 	6 	 	3 	 	0 	 	8 	 	10 	 	0 	 	14 	 	2 	 	4 	 	14 	 	
14 	 	0 	 	0 	 	0 	 	5 	 	11 	 	0 	 	14 	 	0 	 	17 	 	0 	 	0 	 	19 	 	11 	 	6 	 	12 	 	0 	 	8 	 	0 	 	12 	 	
0 	 	3 	 	9 	 	7 	 	13 	 	0 	 	10 	 	0 	 	11 	 	5 	 	11 	 	0 	 	16 	 	4 	 	15 	 	11 	 	0 	 	19 	 	0 	 	3 	 	
0 	 	0 	 	16 	 	0 	 	12 	 	18 	 	0 	 	0 	 	0 	 	6 	 	0 	 	0 	 	17 	 	0 	 	12 	 	19 	 	11 	 	8 	 	0 	 	18 	 	
19 	 	4 	 	5 	 	10 	 	3 	 	0 	 	14 	 	0 	 	0 	 	0 	 	4 	 	0 	 	0 	 	2 	 	0 	 	6 	 	16 	 	6 	 	0 	 	12 	 	
3 	 	1 	 	0 	 	10 	 	0 	 	19 	 	0 	 	0 	 	10 	 	0 	 	0 	 	11 	 	0 	 	0 	 	11 	 	0 	 	0 	 	10 	 	13 	 	0 	 	
0 	 	0 	 	0 	 	6 	 	4 	 	2 	 	4 	 	7 	 	16 	 	13 	 	0 	 	0 	 	14 	 	0 	 	0 	 	0 	 	0 	 	14 	 	16 	 	19 	 	
0 	 	0 	 	17 	 	6 	 	8 	 	13 	 	4 	 	6 	 	5 	 	12 	 	0 	 	0 	 	0 	 	6 	 	3 	 	0 	 	16 	 	16 	 	4 	 	0 	 	
0 	 	0 	 	19 	 	10 	 	13 	 	0 	 	10 	 	0 	 	12 	 	0 	 	0 	 	3 	 	18 	 	0 	 	8 	 	9 	 	0 	 	18 	 	15 	 	0 	 	
5 	 	0 	 	0 	 	14 	 	10 	 	0 	 	0 	 	0 	 	16 	 	11 	 	6 	 	18 	 	8 	 	12 	 	0 	 	15 	 	5 	 	18 	 	15 	 	0 	 	
18 	 	14 	 	6 	 	0 	 	15 	 	8 	 	0 	 	6 	 	0 	 	19 	 	5 	 	0 	 	10 	 	0 	 	0 	 	0 	 	4 	 	2 	 	18 	 	7 	 	
0 	 	0 	 	5 	 	2 	 	0 	 	4 	 	0 	 	12 	 	0 	 	0 	 	12 	 	0 	 	8 	 	0 	 	0 	 	0 	 	0 	 	1 	 	11 	 	0 	 	
16 	 	0 	 	7 	 	8 	 	4 	 	0 	 	7 	 	4 	 	12 	 	19 	 	0 	 	2 	 	1 	 	15 	 	15 	 	16 	 	12 	 	0 	 	8 	 	0 	 	
16 	 	18 	 	17 	 	6 	 	3 	 	0 	 	0 	 	11 	 	18 	 	6 	 	13 	 	5 	 	9 	 	15 	 	0 	 	7 	 	14 	 	0 	 	0 	 	16 	 	
0 	 	16 	 	0 	 	15 	 	0 	 	0 	 	12 	 	7 	 	0 	 	0 	 	17 	 	3 	 	2 	 	0 	 	18 	 	5 	 	12 	 	16 	 	18 	 	0 	 	
