0.010307073593139648
0.010509014129638672
0.009793996810913086
0.013864994049072266
0.012137889862060547
0.010401010513305664
0.011811971664428711
0.008933067321777344
0.017431020736694336
0.00923013687133789
0.009176969528198242
0.021911144256591797
0.008160114288330078
0.010443925857543945
0.007895946502685547
0.009507894515991211
0.010688066482543945
0.008603096008300781
0.01960587501525879
0.010399103164672852
0.011368036270141602
0.01340794563293457
0.016263961791992188
0.009294986724853516
0.008291006088256836
0.010014057159423828
0.011686086654663086
0.01945781707763672
0.011776924133300781
0.008124113082885742
0.013437986373901367
0.015161991119384766
0.008519887924194336
0.011377096176147461
0.00839996337890625
0.009901046752929688
0.009818077087402344
0.009720802307128906
0.012963056564331055
0.016849040985107422
0.009315967559814453
0.008918046951293945
0.011425971984863281
0.017271995544433594
0.010380029678344727
0.008631229400634766
0.014083147048950195
0.017913103103637695
0.008650064468383789
0.009847879409790039
0.013360023498535156
0.03251791000366211
0.01651310920715332
0.008852958679199219
0.018429040908813477
0.009121894836425781
0.01324319839477539
0.01819014549255371
0.012832880020141602
0.011768817901611328
0.01714611053466797
0.010499954223632812
0.010185956954956055
0.009953975677490234
0.012284994125366211
0.019847869873046875
0.009128093719482422
0.009383916854858398
0.010702848434448242
0.010144948959350586
0.011723041534423828
0.010724067687988281
0.0183870792388916
0.011546134948730469
0.013302803039550781
0.013418912887573242
0.02264094352722168
0.014623880386352539
0.017853975296020508
0.016466856002807617
0.011593103408813477
0.013993024826049805
0.016179800033569336
0.01597905158996582
0.01587510108947754
0.017515182495117188
0.019134998321533203
0.016720056533813477
0.018252849578857422
0.022559165954589844
0.01577615737915039
0.013998985290527344
0.014371156692504883
0.019469022750854492
0.015076160430908203
0.015583038330078125
0.016373157501220703
0.016260862350463867
0.008533954620361328
0.014059782028198242
