30
26 	11
0 	 	14 	 	3 	 	3 	 	12 	 	10 	 	12 	 	0 	 	1 	 	18 	 	2 	 	6 	 	12 	 	10 	 	1 	 	6 	 	12 	 	19 	 	14 	 	2 	 	9 	 	15 	 	7 	 	2 	 	11 	 	4 	 	9 	 	9 	 	14 	 	7 	 	
12 	 	0 	 	13 	 	5 	 	0 	 	15 	 	0 	 	1 	 	17 	 	8 	 	7 	 	17 	 	16 	 	8 	 	6 	 	14 	 	0 	 	14 	 	8 	 	15 	 	9 	 	6 	 	0 	 	7 	 	19 	 	18 	 	15 	 	9 	 	13 	 	16 	 	
12 	 	1 	 	0 	 	4 	 	10 	 	1 	 	0 	 	14 	 	3 	 	18 	 	19 	 	17 	 	1 	 	19 	 	0 	 	12 	 	10 	 	2 	 	11 	 	18 	 	6 	 	17 	 	19 	 	12 	 	19 	 	16 	 	3 	 	16 	 	12 	 	5 	 	
8 	 	9 	 	9 	 	0 	 	17 	 	17 	 	0 	 	18 	 	6 	 	17 	 	14 	 	0 	 	5 	 	13 	 	1 	 	11 	 	19 	 	1 	 	0 	 	12 	 	18 	 	13 	 	0 	 	4 	 	19 	 	19 	 	15 	 	16 	 	16 	 	7 	 	
0 	 	4 	 	18 	 	19 	 	0 	 	6 	 	9 	 	1 	 	1 	 	17 	 	17 	 	10 	 	4 	 	17 	 	5 	 	1 	 	10 	 	10 	 	12 	 	9 	 	0 	 	3 	 	13 	 	2 	 	4 	 	17 	 	12 	 	18 	 	3 	 	0 	 	
5 	 	2 	 	10 	 	13 	 	14 	 	0 	 	5 	 	4 	 	14 	 	19 	 	12 	 	1 	 	1 	 	10 	 	17 	 	9 	 	8 	 	2 	 	15 	 	12 	 	7 	 	5 	 	16 	 	13 	 	3 	 	10 	 	10 	 	18 	 	8 	 	15 	 	
9 	 	3 	 	11 	 	0 	 	9 	 	0 	 	0 	 	16 	 	2 	 	12 	 	10 	 	10 	 	19 	 	14 	 	5 	 	5 	 	7 	 	11 	 	14 	 	8 	 	19 	 	9 	 	0 	 	7 	 	10 	 	2 	 	2 	 	5 	 	16 	 	4 	 	
16 	 	11 	 	5 	 	9 	 	0 	 	1 	 	19 	 	0 	 	10 	 	0 	 	17 	 	3 	 	12 	 	15 	 	7 	 	11 	 	9 	 	17 	 	11 	 	8 	 	0 	 	1 	 	14 	 	15 	 	9 	 	17 	 	4 	 	0 	 	3 	 	17 	 	
12 	 	5 	 	19 	 	10 	 	0 	 	7 	 	5 	 	4 	 	0 	 	15 	 	7 	 	0 	 	10 	 	5 	 	12 	 	4 	 	14 	 	18 	 	12 	 	18 	 	13 	 	0 	 	6 	 	17 	 	10 	 	5 	 	13 	 	11 	 	9 	 	3 	 	
15 	 	2 	 	8 	 	19 	 	16 	 	8 	 	15 	 	0 	 	0 	 	0 	 	5 	 	0 	 	0 	 	15 	 	18 	 	16 	 	8 	 	2 	 	3 	 	0 	 	9 	 	7 	 	15 	 	15 	 	12 	 	3 	 	12 	 	13 	 	12 	 	6 	 	
5 	 	15 	 	13 	 	15 	 	2 	 	1 	 	11 	 	15 	 	0 	 	4 	 	0 	 	8 	 	5 	 	9 	 	13 	 	1 	 	10 	 	0 	 	6 	 	0 	 	2 	 	2 	 	16 	 	9 	 	6 	 	15 	 	14 	 	12 	 	11 	 	0 	 	
18 	 	16 	 	9 	 	10 	 	6 	 	12 	 	15 	 	2 	 	17 	 	0 	 	10 	 	0 	 	11 	 	18 	 	5 	 	1 	 	6 	 	9 	 	6 	 	15 	 	10 	 	4 	 	19 	 	4 	 	10 	 	0 	 	12 	 	9 	 	0 	 	12 	 	
12 	 	0 	 	6 	 	3 	 	0 	 	14 	 	5 	 	19 	 	13 	 	11 	 	5 	 	10 	 	0 	 	16 	 	0 	 	7 	 	3 	 	10 	 	10 	 	11 	 	5 	 	3 	 	13 	 	13 	 	14 	 	0 	 	2 	 	10 	 	1 	 	1 	 	
2 	 	7 	 	17 	 	13 	 	14 	 	14 	 	12 	 	2 	 	4 	 	11 	 	3 	 	3 	 	17 	 	0 	 	5 	 	0 	 	14 	 	19 	 	5 	 	7 	 	1 	 	4 	 	7 	 	7 	 	1 	 	18 	 	11 	 	16 	 	5 	 	10 	 	
7 	 	18 	 	2 	 	1 	 	4 	 	2 	 	19 	 	9 	 	2 	 	15 	 	4 	 	18 	 	0 	 	11 	 	0 	 	4 	 	9 	 	16 	 	19 	 	13 	 	18 	 	15 	 	12 	 	3 	 	17 	 	19 	 	16 	 	19 	 	17 	 	11 	 	
1 	 	16 	 	3 	 	3 	 	8 	 	12 	 	11 	 	3 	 	1 	 	2 	 	6 	 	4 	 	11 	 	0 	 	9 	 	0 	 	7 	 	17 	 	0 	 	11 	 	14 	 	11 	 	4 	 	9 	 	7 	 	16 	 	10 	 	11 	 	17 	 	5 	 	
11 	 	2 	 	9 	 	12 	 	0 	 	6 	 	13 	 	16 	 	16 	 	9 	 	17 	 	4 	 	1 	 	0 	 	0 	 	11 	 	0 	 	5 	 	6 	 	5 	 	8 	 	14 	 	6 	 	14 	 	12 	 	19 	 	14 	 	2 	 	15 	 	2 	 	
4 	 	8 	 	10 	 	19 	 	14 	 	1 	 	6 	 	8 	 	0 	 	4 	 	16 	 	9 	 	7 	 	18 	 	18 	 	14 	 	4 	 	0 	 	18 	 	0 	 	14 	 	3 	 	4 	 	5 	 	7 	 	16 	 	11 	 	2 	 	18 	 	4 	 	
7 	 	11 	 	19 	 	5 	 	6 	 	2 	 	19 	 	7 	 	14 	 	18 	 	4 	 	16 	 	11 	 	2 	 	3 	 	1 	 	0 	 	12 	 	0 	 	17 	 	0 	 	15 	 	12 	 	5 	 	17 	 	3 	 	14 	 	3 	 	14 	 	0 	 	
3 	 	4 	 	2 	 	6 	 	16 	 	8 	 	19 	 	10 	 	1 	 	0 	 	6 	 	19 	 	14 	 	1 	 	15 	 	5 	 	6 	 	4 	 	9 	 	0 	 	18 	 	5 	 	5 	 	15 	 	10 	 	18 	 	15 	 	19 	 	6 	 	9 	 	
6 	 	9 	 	2 	 	14 	 	18 	 	4 	 	17 	 	7 	 	8 	 	19 	 	14 	 	15 	 	8 	 	15 	 	5 	 	1 	 	16 	 	7 	 	16 	 	3 	 	0 	 	13 	 	15 	 	10 	 	6 	 	13 	 	5 	 	6 	 	12 	 	13 	 	
9 	 	14 	 	9 	 	4 	 	13 	 	17 	 	15 	 	4 	 	3 	 	8 	 	3 	 	3 	 	10 	 	9 	 	11 	 	4 	 	4 	 	4 	 	19 	 	13 	 	9 	 	0 	 	1 	 	7 	 	4 	 	5 	 	10 	 	2 	 	19 	 	3 	 	
8 	 	3 	 	12 	 	15 	 	18 	 	7 	 	6 	 	19 	 	11 	 	11 	 	13 	 	5 	 	6 	 	8 	 	16 	 	12 	 	10 	 	0 	 	2 	 	11 	 	0 	 	19 	 	0 	 	4 	 	17 	 	18 	 	8 	 	16 	 	9 	 	13 	 	
0 	 	0 	 	13 	 	0 	 	17 	 	16 	 	1 	 	10 	 	13 	 	0 	 	11 	 	7 	 	8 	 	0 	 	13 	 	5 	 	16 	 	6 	 	11 	 	16 	 	14 	 	12 	 	10 	 	0 	 	15 	 	18 	 	6 	 	1 	 	8 	 	0 	 	
3 	 	18 	 	19 	 	10 	 	3 	 	6 	 	16 	 	0 	 	19 	 	1 	 	2 	 	2 	 	1 	 	13 	 	0 	 	6 	 	16 	 	15 	 	0 	 	8 	 	0 	 	12 	 	19 	 	11 	 	0 	 	0 	 	12 	 	9 	 	15 	 	13 	 	
11 	 	18 	 	12 	 	3 	 	14 	 	9 	 	9 	 	7 	 	11 	 	2 	 	19 	 	0 	 	18 	 	13 	 	19 	 	14 	 	5 	 	6 	 	2 	 	12 	 	9 	 	2 	 	4 	 	12 	 	2 	 	0 	 	1 	 	7 	 	10 	 	0 	 	
0 	 	15 	 	16 	 	7 	 	13 	 	17 	 	1 	 	7 	 	6 	 	19 	 	11 	 	14 	 	14 	 	19 	 	2 	 	19 	 	4 	 	12 	 	1 	 	3 	 	12 	 	7 	 	4 	 	7 	 	7 	 	14 	 	0 	 	2 	 	13 	 	9 	 	
1 	 	10 	 	3 	 	14 	 	2 	 	5 	 	9 	 	3 	 	1 	 	13 	 	5 	 	13 	 	0 	 	18 	 	10 	 	7 	 	8 	 	10 	 	5 	 	15 	 	12 	 	17 	 	17 	 	13 	 	14 	 	6 	 	9 	 	0 	 	19 	 	4 	 	
18 	 	18 	 	13 	 	0 	 	12 	 	12 	 	5 	 	7 	 	18 	 	13 	 	4 	 	16 	 	5 	 	19 	 	14 	 	6 	 	17 	 	5 	 	12 	 	1 	 	7 	 	0 	 	11 	 	3 	 	18 	 	5 	 	3 	 	8 	 	0 	 	10 	 	
8 	 	8 	 	7 	 	2 	 	14 	 	0 	 	17 	 	18 	 	17 	 	18 	 	6 	 	5 	 	6 	 	7 	 	7 	 	13 	 	2 	 	6 	 	4 	 	14 	 	0 	 	6 	 	0 	 	5 	 	17 	 	2 	 	9 	 	4 	 	3 	 	0 	 	
