0.020559072494506836
0.007386922836303711
0.006088972091674805
0.005337953567504883
0.005333900451660156
0.005671977996826172
0.0057828426361083984
0.006125211715698242
0.0063970088958740234
0.005338907241821289
0.005646944046020508
0.005749940872192383
0.0067310333251953125
0.00594782829284668
0.005997896194458008
0.006846904754638672
0.0057849884033203125
0.0072858333587646484
0.006412029266357422
0.005263090133666992
0.006691932678222656
0.009380817413330078
0.012949943542480469
0.010258913040161133
0.00799107551574707
0.014688968658447266
0.012428998947143555
0.008809089660644531
0.007634878158569336
0.01078486442565918
0.00769805908203125
0.007620096206665039
0.006988048553466797
0.005712032318115234
0.008533954620361328
0.0070781707763671875
0.0059108734130859375
0.006143093109130859
0.005334138870239258
0.005453824996948242
0.00675511360168457
0.0060100555419921875
0.005263805389404297
0.0081329345703125
0.006791830062866211
0.007452964782714844
0.005244016647338867
0.005460023880004883
0.005956888198852539
0.00745391845703125
0.0070531368255615234
0.005452156066894531
0.005335092544555664
0.006925106048583984
0.008201122283935547
0.007854938507080078
0.0071370601654052734
0.007061958312988281
0.006193876266479492
0.008352994918823242
0.007869958877563477
0.005835056304931641
0.006335020065307617
0.005874156951904297
0.006531953811645508
0.007169008255004883
0.005197048187255859
0.005716085433959961
0.0059931278228759766
0.00639796257019043
0.006515026092529297
0.0059909820556640625
0.005599021911621094
0.006527900695800781
0.005556821823120117
0.007791042327880859
0.006964206695556641
0.006323099136352539
0.005888938903808594
0.005541086196899414
0.005357027053833008
0.008993148803710938
0.0052490234375
0.006471157073974609
0.0054171085357666016
0.0065441131591796875
0.008279800415039062
0.007416963577270508
0.007163047790527344
0.008169889450073242
0.010071992874145508
0.00839686393737793
0.00654292106628418
0.00531005859375
0.0054318904876708984
0.007623195648193359
0.006267070770263672
0.005899190902709961
0.005202770233154297
0.005491018295288086
0.006365060806274414
0.007451057434082031
0.006873130798339844
0.006928920745849609
0.0066721439361572266
0.011428117752075195
0.009449958801269531
0.0061190128326416016
0.006735086441040039
0.00701904296875
0.011255979537963867
0.011650800704956055
0.011741876602172852
0.008873939514160156
0.008980035781860352
0.011461973190307617
0.012981891632080078
0.007063150405883789
0.006833076477050781
0.010432004928588867
0.010960102081298828
0.007976055145263672
0.006531953811645508
0.006793022155761719
0.007269859313964844
0.009093999862670898
0.01155400276184082
0.012037992477416992
0.011035919189453125
0.007761955261230469
0.010516166687011719
0.0073261260986328125
0.007533073425292969
0.008235931396484375
0.009747028350830078
0.008268117904663086
0.007055997848510742
0.007828235626220703
0.006214141845703125
0.011509895324707031
0.011445999145507812
0.009176969528198242
0.009467124938964844
0.011387109756469727
0.011604070663452148
0.007897138595581055
0.0064280033111572266
0.007625102996826172
0.007573127746582031
0.01211404800415039
0.010606050491333008
0.006184101104736328
0.008202075958251953
0.014712095260620117
0.012521028518676758
0.012633085250854492
0.010075092315673828
0.006860971450805664
0.007819890975952148
0.00934290885925293
0.011723041534423828
0.011291980743408203
0.008960962295532227
0.009949922561645508
0.007586956024169922
0.008228063583374023
0.007332801818847656
0.006408214569091797
0.009297847747802734
0.007075071334838867
0.0067479610443115234
0.006412029266357422
0.006958961486816406
0.0077800750732421875
0.007114887237548828
0.006329059600830078
0.006428956985473633
0.006454944610595703
0.006211996078491211
0.0065898895263671875
0.006649017333984375
0.007491111755371094
0.006436824798583984
0.00667881965637207
0.00630497932434082
0.008706808090209961
0.006496906280517578
0.007337093353271484
0.006261110305786133
0.006339073181152344
0.009325981140136719
0.006446123123168945
0.006598949432373047
0.008743047714233398
0.008358955383300781
0.009882926940917969
0.006916046142578125
0.007521867752075195
0.007542133331298828
0.008142948150634766
0.00875711441040039
0.011577129364013672
0.01188516616821289
0.011399984359741211
0.011877059936523438
0.012109041213989258
0.012012004852294922
0.013171195983886719
0.008602142333984375
0.012017965316772461
0.007709980010986328
0.006790876388549805
0.008620023727416992
0.007667064666748047
0.010384082794189453
0.008275032043457031
0.008186101913452148
0.0061151981353759766
0.008745908737182617
0.009399175643920898
0.006587028503417969
0.006926059722900391
0.008875846862792969
0.006476879119873047
0.006289005279541016
0.0077059268951416016
0.006140947341918945
0.00808095932006836
0.009606122970581055
0.008857011795043945
0.008157014846801758
0.009557962417602539
0.006883144378662109
0.007867097854614258
0.0063588619232177734
0.008685111999511719
0.008563995361328125
0.007336139678955078
0.006384134292602539
0.008864164352416992
0.006309032440185547
0.0071620941162109375
0.007172107696533203
0.0103759765625
0.006973981857299805
0.021516084671020508
0.013119935989379883
0.01194906234741211
0.010607004165649414
0.009221076965332031
0.01057291030883789
0.00862884521484375
0.011144876480102539
0.014617919921875
0.011945962905883789
0.011188030242919922
0.009630918502807617
0.009765863418579102
0.007473945617675781
0.008547067642211914
0.011322975158691406
0.010056018829345703
0.010915040969848633
0.008121013641357422
0.012488126754760742
0.006246089935302734
0.0064280033111572266
0.007478952407836914
0.007631063461303711
0.009545087814331055
0.007281064987182617
0.009607076644897461
0.008682966232299805
0.009252071380615234
0.006509065628051758
0.006517171859741211
0.006757974624633789
0.009125947952270508
0.00785207748413086
0.011304140090942383
0.007177829742431641
0.0065460205078125
0.008671998977661133
0.007787942886352539
0.007402181625366211
0.0063669681549072266
0.0090789794921875
0.00598597526550293
0.00619196891784668
0.006114006042480469
0.0057141780853271484
0.00591278076171875
0.006237030029296875
0.008204936981201172
0.011973857879638672
0.011360883712768555
0.012134075164794922
0.011516809463500977
0.009649038314819336
0.011608123779296875
0.01025700569152832
0.010929107666015625
0.007297039031982422
0.007756948471069336
0.010746955871582031
0.00845789909362793
0.006577968597412109
0.006417036056518555
0.006072044372558594
0.006886959075927734
0.0063288211822509766
0.005750894546508789
0.0066051483154296875
0.0071849822998046875
0.0058100223541259766
0.006311893463134766
0.005802154541015625
0.006969928741455078
0.0058460235595703125
0.0058441162109375
0.006430149078369141
0.0058100223541259766
0.006226062774658203
0.006134033203125
0.0072040557861328125
0.006608009338378906
0.005972862243652344
0.007720947265625
0.008049964904785156
0.008038043975830078
0.006959199905395508
0.006509065628051758
0.006524085998535156
0.008294820785522461
0.007132053375244141
0.006782054901123047
0.006273031234741211
0.006220817565917969
0.0065479278564453125
0.007451057434082031
0.007935047149658203
0.007028102874755859
0.005731105804443359
0.00734400749206543
0.0064470767974853516
0.005955219268798828
0.0055999755859375
0.007679939270019531
0.0067369937896728516
0.005502939224243164
0.0064198970794677734
0.006395101547241211
0.0056340694427490234
0.006114959716796875
0.005861997604370117
0.006145000457763672
0.005874156951904297
0.005743980407714844
0.005412101745605469
0.00542902946472168
0.00602412223815918
0.005650043487548828
0.005527973175048828
0.006063938140869141
0.005579948425292969
0.005860090255737305
0.006139993667602539
0.005997896194458008
0.006468057632446289
0.007531881332397461
0.0065670013427734375
0.008038997650146484
0.006474018096923828
0.007531881332397461
0.0063970088958740234
0.007531881332397461
0.01144719123840332
0.011257171630859375
0.006443023681640625
0.005866050720214844
0.006652116775512695
0.005527019500732422
0.00689697265625
0.011277914047241211
0.007122039794921875
0.006270885467529297
0.006066083908081055
0.005983114242553711
0.011440038681030273
0.011071920394897461
0.0073699951171875
0.008648157119750977
0.011853933334350586
0.008947134017944336
0.010035037994384766
0.006591081619262695
0.008669137954711914
0.011762142181396484
0.012325048446655273
0.011029958724975586
0.011549949645996094
0.010767221450805664
0.011839151382446289
0.01129603385925293
0.011729001998901367
0.008348941802978516
0.008383989334106445
0.009644031524658203
0.010212898254394531
0.00844717025756836
0.011424064636230469
0.008817911148071289
0.008203983306884766
0.006802082061767578
0.0078029632568359375
0.011260032653808594
0.011512994766235352
0.011384963989257812
0.011386871337890625
0.007599830627441406
0.007233142852783203
0.007552146911621094
0.012814044952392578
0.011332035064697266
0.009384870529174805
0.006425142288208008
0.007615089416503906
0.007541179656982422
0.010289907455444336
0.011162042617797852
0.006165027618408203
0.006276845932006836
0.0069179534912109375
0.009666919708251953
0.01158285140991211
0.011386871337890625
0.00797891616821289
0.00915217399597168
0.007581949234008789
0.007467985153198242
0.006303071975708008
0.00742793083190918
0.008571147918701172
0.010609865188598633
0.008646011352539062
0.006201982498168945
0.009157896041870117
0.009776115417480469
0.0075130462646484375
0.00615382194519043
0.007278919219970703
0.008693933486938477
0.007893800735473633
0.009428024291992188
0.010050058364868164
0.010629892349243164
0.010258913040161133
0.01214599609375
0.00925898551940918
0.010870933532714844
0.01282811164855957
0.007415056228637695
0.00839996337890625
0.012027978897094727
0.011553049087524414
0.007726907730102539
0.007243156433105469
0.007050037384033203
0.011880874633789062
0.010838031768798828
0.008373022079467773
0.010560035705566406
0.01935100555419922
0.01300811767578125
0.011384963989257812
0.006947040557861328
0.00660395622253418
0.010190963745117188
0.009029865264892578
0.010354995727539062
0.008229970932006836
0.00906991958618164
0.0072460174560546875
0.01203298568725586
0.011584997177124023
0.012056827545166016
0.007503032684326172
0.008682012557983398
0.008595943450927734
0.010081052780151367
0.008352041244506836
0.008198022842407227
0.01017904281616211
0.011579036712646484
0.008075952529907227
0.00820302963256836
0.009316205978393555
0.00994110107421875
0.011670827865600586
0.011820077896118164
0.011898040771484375
0.007781028747558594
0.009348154067993164
0.011426925659179688
0.011909008026123047
0.00863194465637207
0.008780956268310547
0.007401943206787109
0.0075871944427490234
0.012100934982299805
0.01135110855102539
0.012897014617919922
0.0072100162506103516
0.008411169052124023
0.00698089599609375
0.008805990219116211
0.00837397575378418
0.009042024612426758
0.008401870727539062
0.02484893798828125
0.014724969863891602
0.018067121505737305
0.011584997177124023
0.06269407272338867
0.008213043212890625
0.009245872497558594
0.011844873428344727
0.012846946716308594
0.011590957641601562
0.06833600997924805
0.008455038070678711
0.00768589973449707
0.008830070495605469
0.010621786117553711
0.01247406005859375
0.011326074600219727
0.011445045471191406
0.011559009552001953
0.009143829345703125
0.01106715202331543
0.007658958435058594
0.008491992950439453
0.0072479248046875
0.007399082183837891
0.011459112167358398
0.01302194595336914
0.0124359130859375
0.011718988418579102
0.011974096298217773
0.012197017669677734
0.011581897735595703
0.0103759765625
0.006901979446411133
0.008182048797607422
0.00830698013305664
0.009752035140991211
0.0072591304779052734
0.0077550411224365234
0.0074651241302490234
0.009229898452758789
0.008965015411376953
0.007585048675537109
0.008026838302612305
0.007832050323486328
0.011151790618896484
0.0091400146484375
0.007130146026611328
0.008942842483520508
0.007496833801269531
0.011547088623046875
0.011932849884033203
0.008388042449951172
0.006318092346191406
0.00562596321105957
0.006246089935302734
0.008407115936279297
0.01125478744506836
0.011055946350097656
0.010363101959228516
0.008098840713500977
0.0059299468994140625
0.005746126174926758
0.011317014694213867
0.012106895446777344
0.012333869934082031
0.011756181716918945
0.009692907333374023
0.011343955993652344
0.007921934127807617
0.008595943450927734
0.009920120239257812
0.008095979690551758
0.006989955902099609
0.007571220397949219
0.009304046630859375
0.007439136505126953
0.009943962097167969
0.00910806655883789
0.02800297737121582
0.02068495750427246
0.01787090301513672
0.011137962341308594
0.023340940475463867
0.012858152389526367
0.011811971664428711
0.011639118194580078
0.011638879776000977
0.013180971145629883
0.011801004409790039
0.020579099655151367
0.008116006851196289
0.009392023086547852
0.011546134948730469
0.01117396354675293
0.012223005294799805
0.005897998809814453
0.008868932723999023
0.11968016624450684
0.015170812606811523
0.009390115737915039
0.008916139602661133
0.01168203353881836
0.011056900024414062
0.011586189270019531
0.014518022537231445
0.01197504997253418
0.011838912963867188
0.011083841323852539
0.008642196655273438
0.007616996765136719
0.009786128997802734
0.01320791244506836
0.012444019317626953
0.011996030807495117
0.012486934661865234
0.011640787124633789
0.011296987533569336
0.011183023452758789
0.009302854537963867
0.0061762332916259766
0.008178949356079102
0.01276707649230957
0.011595010757446289
0.011369943618774414
0.008111000061035156
0.01292109489440918
0.1841590404510498
0.010870933532714844
0.010247945785522461
0.00992584228515625
0.007715940475463867
0.011623144149780273
0.011317014694213867
0.011740922927856445
0.011816024780273438
0.01183009147644043
0.012064933776855469
0.011184930801391602
0.011693954467773438
0.011023998260498047
0.011806964874267578
0.013198137283325195
0.011847972869873047
0.011697053909301758
0.012042999267578125
0.011219978332519531
0.006312847137451172
0.006201028823852539
0.006220102310180664
0.007826805114746094
0.011935949325561523
0.00880885124206543
0.008686065673828125
0.005426883697509766
0.009367942810058594
0.007043123245239258
0.005775928497314453
0.0054340362548828125
0.007539987564086914
0.011810064315795898
0.011362075805664062
0.011878013610839844
0.007627964019775391
0.013326883316040039
0.011240005493164062
0.011271953582763672
0.011500835418701172
0.012109994888305664
0.010720968246459961
0.011986970901489258
0.011244058609008789
0.012031078338623047
0.012103080749511719
0.011767148971557617
0.01139688491821289
0.012704133987426758
0.011305809020996094
0.011001110076904297
0.008754968643188477
0.01444101333618164
0.012313127517700195
0.011304140090942383
0.011367082595825195
0.011384963989257812
0.007182121276855469
0.007367849349975586
0.007707118988037109
0.011394977569580078
0.011940956115722656
0.01317286491394043
0.012068986892700195
0.01120305061340332
0.011144876480102539
0.010338068008422852
0.009634017944335938
0.011252880096435547
0.009279966354370117
0.011065959930419922
0.007605075836181641
0.007570981979370117
0.007059812545776367
0.007085084915161133
0.007241964340209961
0.009420156478881836
0.01172494888305664
0.007504940032958984
0.0059549808502197266
0.00853419303894043
0.007454872131347656
0.007924079895019531
0.006351947784423828
0.005679130554199219
0.0063440799713134766
0.008808135986328125
0.010937929153442383
0.005873203277587891
0.006145000457763672
0.009466171264648438
0.011613130569458008
0.011821985244750977
0.011519193649291992
0.012634038925170898
0.011957168579101562
0.012192964553833008
0.011590003967285156
0.006745100021362305
0.007807016372680664
0.008323907852172852
0.007013082504272461
0.005697011947631836
0.00674891471862793
0.007708072662353516
0.009283065795898438
0.006623029708862305
0.0068378448486328125
0.00913381576538086
0.011322021484375
0.012022018432617188
0.011034965515136719
0.0124969482421875
0.011837005615234375
0.009711980819702148
0.01164102554321289
0.011939048767089844
0.011718988418579102
0.0118408203125
0.011171817779541016
0.011327028274536133
0.011006832122802734
0.010948896408081055
0.011461973190307617
0.011625051498413086
0.07272911071777344
0.012284040451049805
0.011762142181396484
0.011185169219970703
0.011128902435302734
0.03898811340332031
0.0072231292724609375
0.012871026992797852
0.012207984924316406
0.011478185653686523
0.011279106140136719
0.011342048645019531
0.011230945587158203
0.0099639892578125
0.009145021438598633
0.01117396354675293
0.011883974075317383
0.01195383071899414
0.012089967727661133
0.011922836303710938
0.011333942413330078
0.011317968368530273
0.011530876159667969
0.011044979095458984
0.009062051773071289
0.018575191497802734
0.011656999588012695
0.011463165283203125
0.015484809875488281
0.012188911437988281
0.01378321647644043
0.012825965881347656
0.015405893325805664
0.01125788688659668
0.011149883270263672
0.012678861618041992
0.011747121810913086
0.011350870132446289
0.012514829635620117
0.011528968811035156
0.011669158935546875
0.010741949081420898
0.011810064315795898
0.010790109634399414
0.011194944381713867
0.011254072189331055
0.011337995529174805
0.011610031127929688
0.010926961898803711
0.01116800308227539
0.011088132858276367
0.011567115783691406
0.010992765426635742
0.011223077774047852
0.01135110855102539
0.011198997497558594
0.011542081832885742
0.011738061904907227
0.011425018310546875
0.011233091354370117
0.01099705696105957
0.01133108139038086
0.011228799819946289
0.3035869598388672
0.012588024139404297
0.011176824569702148
0.011343002319335938
0.011941194534301758
0.011533975601196289
0.012254953384399414
0.007615089416503906
0.008021116256713867
0.0074961185455322266
0.008979082107543945
0.008285045623779297
0.007928848266601562
0.011322021484375
0.011095046997070312
0.011678934097290039
0.011382818222045898
0.011657953262329102
0.01096487045288086
0.009492874145507812
0.005802154541015625
0.005500078201293945
0.006316184997558594
0.007620096206665039
0.01239013671875
0.023265838623046875
0.007730960845947266
0.01302194595336914
0.012573003768920898
0.011229991912841797
0.011545896530151367
0.011198997497558594
0.011121034622192383
0.006994009017944336
0.008812904357910156
0.007235050201416016
0.007158041000366211
0.00731205940246582
0.006672859191894531
0.00851893424987793
0.010885953903198242
0.011378049850463867
0.012296915054321289
0.010133981704711914
0.008282899856567383
0.011270999908447266
0.011590957641601562
0.404451847076416
0.007736921310424805
0.010299205780029297
0.008170127868652344
0.007997989654541016
0.009003162384033203
0.01098489761352539
0.011008977890014648
0.011293172836303711
0.011845111846923828
0.011967897415161133
0.011723041534423828
0.010598182678222656
0.012138128280639648
0.011675119400024414
0.011552095413208008
0.011613130569458008
0.011384963989257812
0.011986970901489258
0.009657859802246094
0.00784611701965332
0.012713909149169922
0.011713027954101562
0.011146068572998047
0.011718988418579102
0.011224031448364258
0.011039972305297852
0.01123499870300293
0.010915994644165039
0.017907142639160156
0.013417959213256836
0.011465072631835938
0.012312889099121094
0.011455059051513672
0.011250019073486328
0.01206517219543457
0.013277053833007812
0.01229405403137207
0.011284112930297852
0.01120615005493164
0.011048078536987305
0.011569976806640625
0.00745701789855957
0.008723974227905273
0.009088993072509766
0.011073827743530273
0.011369943618774414
0.011391162872314453
0.010387897491455078
0.010550975799560547
0.011322975158691406
0.012262821197509766
0.011864900588989258
0.007620096206665039
0.0062389373779296875
0.0059070587158203125
0.006961822509765625
0.011928081512451172
0.011417150497436523
0.007776975631713867
0.007436990737915039
0.01149892807006836
0.009345054626464844
0.012315988540649414
0.013224124908447266
0.011368036270141602
0.006136178970336914
0.007153987884521484
0.008524179458618164
0.011948108673095703
0.01178884506225586
0.010365009307861328
0.007442951202392578
0.010329008102416992
0.0135040283203125
0.011947154998779297
0.011613130569458008
0.011752843856811523
0.012840032577514648
0.011628866195678711
0.007414102554321289
0.008888006210327148
0.005892038345336914
0.008378982543945312
0.010751962661743164
0.008616209030151367
0.011204004287719727
0.007174968719482422
0.010776996612548828
0.007272005081176758
0.011655092239379883
0.011215925216674805
0.011923074722290039
0.011520862579345703
0.010265111923217773
0.012201070785522461
0.012335062026977539
0.01069784164428711
0.006613969802856445
0.006079912185668945
0.0056149959564208984
0.006324052810668945
0.0073239803314208984
0.00598907470703125
0.005312919616699219
0.0055239200592041016
0.005969047546386719
0.006965160369873047
0.007527828216552734
0.005666017532348633
0.006071805953979492
0.005622148513793945
0.005664825439453125
0.0064830780029296875
0.009907007217407227
0.005876064300537109
0.006273031234741211
0.006005048751831055
