10
5 	8
0 	 	0 	 	17 	 	13 	 	0 	 	0 	 	0 	 	0 	 	0 	 	0 	 	
9 	 	0 	 	0 	 	0 	 	0 	 	0 	 	8 	 	0 	 	0 	 	0 	 	
0 	 	0 	 	0 	 	0 	 	0 	 	0 	 	0 	 	14 	 	2 	 	0 	 	
0 	 	0 	 	0 	 	0 	 	0 	 	0 	 	0 	 	0 	 	0 	 	0 	 	
0 	 	0 	 	0 	 	0 	 	0 	 	2 	 	0 	 	17 	 	0 	 	0 	 	
0 	 	7 	 	0 	 	0 	 	0 	 	0 	 	0 	 	0 	 	17 	 	0 	 	
0 	 	0 	 	15 	 	0 	 	0 	 	0 	 	0 	 	4 	 	0 	 	0 	 	
0 	 	0 	 	0 	 	0 	 	13 	 	0 	 	5 	 	0 	 	0 	 	9 	 	
0 	 	3 	 	0 	 	0 	 	4 	 	0 	 	3 	 	0 	 	0 	 	0 	 	
0 	 	0 	 	7 	 	0 	 	0 	 	13 	 	0 	 	0 	 	17 	 	0 	 	
