10
7 	3
0 	 	0 	 	0 	 	0 	 	0 	 	0 	 	0 	 	0 	 	0 	 	0 	 	
0 	 	0 	 	0 	 	0 	 	0 	 	0 	 	0 	 	0 	 	15 	 	0 	 	
0 	 	0 	 	0 	 	5 	 	0 	 	6 	 	0 	 	0 	 	4 	 	11 	 	
0 	 	4 	 	0 	 	0 	 	2 	 	0 	 	0 	 	0 	 	0 	 	0 	 	
0 	 	0 	 	1 	 	4 	 	0 	 	0 	 	0 	 	4 	 	0 	 	0 	 	
0 	 	0 	 	4 	 	7 	 	0 	 	0 	 	0 	 	0 	 	9 	 	11 	 	
0 	 	0 	 	0 	 	0 	 	13 	 	3 	 	0 	 	0 	 	2 	 	17 	 	
0 	 	0 	 	0 	 	11 	 	0 	 	0 	 	0 	 	0 	 	0 	 	0 	 	
11 	 	0 	 	0 	 	0 	 	0 	 	16 	 	0 	 	2 	 	0 	 	0 	 	
0 	 	12 	 	4 	 	2 	 	0 	 	0 	 	17 	 	0 	 	1 	 	0 	 	
