10
1 	3
0 	 	0 	 	13 	 	0 	 	10 	 	0 	 	0 	 	0 	 	12 	 	0 	 	
0 	 	0 	 	0 	 	16 	 	0 	 	0 	 	3 	 	11 	 	9 	 	0 	 	
0 	 	0 	 	0 	 	0 	 	4 	 	0 	 	0 	 	0 	 	11 	 	0 	 	
0 	 	13 	 	0 	 	0 	 	0 	 	0 	 	0 	 	0 	 	0 	 	4 	 	
11 	 	0 	 	0 	 	0 	 	0 	 	0 	 	1 	 	6 	 	0 	 	6 	 	
0 	 	5 	 	0 	 	0 	 	0 	 	0 	 	11 	 	8 	 	0 	 	15 	 	
9 	 	0 	 	0 	 	0 	 	0 	 	0 	 	0 	 	0 	 	18 	 	0 	 	
0 	 	3 	 	0 	 	14 	 	6 	 	0 	 	0 	 	0 	 	16 	 	0 	 	
5 	 	0 	 	18 	 	0 	 	0 	 	0 	 	0 	 	0 	 	0 	 	0 	 	
0 	 	0 	 	0 	 	0 	 	0 	 	0 	 	0 	 	0 	 	0 	 	0 	 	
