10
0 	3
0 	 	10 	 	0 	 	13 	 	13 	 	0 	 	0 	 	0 	 	4 	 	0 	 	
8 	 	0 	 	0 	 	2 	 	0 	 	1 	 	0 	 	0 	 	18 	 	0 	 	
0 	 	16 	 	0 	 	7 	 	0 	 	12 	 	0 	 	0 	 	0 	 	11 	 	
0 	 	0 	 	0 	 	0 	 	0 	 	0 	 	0 	 	18 	 	0 	 	0 	 	
19 	 	0 	 	0 	 	0 	 	0 	 	0 	 	7 	 	0 	 	0 	 	0 	 	
0 	 	0 	 	0 	 	0 	 	0 	 	0 	 	0 	 	19 	 	0 	 	0 	 	
15 	 	3 	 	0 	 	5 	 	0 	 	13 	 	0 	 	0 	 	17 	 	2 	 	
0 	 	0 	 	0 	 	12 	 	0 	 	0 	 	0 	 	0 	 	1 	 	16 	 	
0 	 	0 	 	0 	 	17 	 	9 	 	0 	 	1 	 	0 	 	0 	 	0 	 	
0 	 	0 	 	0 	 	0 	 	0 	 	0 	 	0 	 	0 	 	0 	 	0 	 	
