10
1 	0
0 	 	0 	 	0 	 	11 	 	18 	 	0 	 	0 	 	0 	 	0 	 	6 	 	
8 	 	0 	 	7 	 	16 	 	0 	 	18 	 	0 	 	0 	 	0 	 	0 	 	
8 	 	0 	 	0 	 	17 	 	2 	 	0 	 	0 	 	19 	 	0 	 	0 	 	
15 	 	2 	 	0 	 	0 	 	16 	 	0 	 	0 	 	0 	 	0 	 	0 	 	
0 	 	18 	 	0 	 	0 	 	0 	 	7 	 	0 	 	0 	 	0 	 	0 	 	
0 	 	0 	 	0 	 	13 	 	0 	 	0 	 	12 	 	13 	 	0 	 	0 	 	
0 	 	18 	 	0 	 	0 	 	0 	 	0 	 	0 	 	0 	 	0 	 	0 	 	
18 	 	0 	 	6 	 	0 	 	4 	 	0 	 	0 	 	0 	 	0 	 	19 	 	
0 	 	0 	 	0 	 	4 	 	0 	 	0 	 	14 	 	0 	 	0 	 	0 	 	
0 	 	0 	 	0 	 	0 	 	0 	 	0 	 	13 	 	0 	 	0 	 	0 	 	
