10
1 	8
0 	 	7 	 	18 	 	0 	 	0 	 	0 	 	0 	 	0 	 	0 	 	0 	 	
17 	 	0 	 	0 	 	5 	 	10 	 	5 	 	0 	 	10 	 	11 	 	0 	 	
6 	 	0 	 	0 	 	16 	 	0 	 	0 	 	13 	 	0 	 	12 	 	0 	 	
0 	 	0 	 	0 	 	0 	 	5 	 	0 	 	0 	 	13 	 	0 	 	0 	 	
18 	 	1 	 	0 	 	11 	 	0 	 	0 	 	0 	 	11 	 	0 	 	0 	 	
0 	 	0 	 	0 	 	8 	 	0 	 	0 	 	0 	 	15 	 	13 	 	13 	 	
0 	 	0 	 	0 	 	0 	 	19 	 	10 	 	0 	 	0 	 	11 	 	0 	 	
12 	 	0 	 	0 	 	0 	 	8 	 	0 	 	11 	 	0 	 	0 	 	0 	 	
0 	 	0 	 	0 	 	1 	 	0 	 	0 	 	0 	 	0 	 	0 	 	5 	 	
0 	 	0 	 	13 	 	0 	 	0 	 	0 	 	0 	 	9 	 	0 	 	0 	 	
