10
8 	1
0 	 	0 	 	0 	 	0 	 	15 	 	6 	 	0 	 	0 	 	0 	 	0 	 	
18 	 	0 	 	0 	 	11 	 	0 	 	0 	 	0 	 	0 	 	0 	 	0 	 	
0 	 	0 	 	0 	 	2 	 	15 	 	0 	 	0 	 	0 	 	0 	 	0 	 	
13 	 	0 	 	18 	 	0 	 	16 	 	0 	 	0 	 	0 	 	17 	 	0 	 	
0 	 	0 	 	12 	 	0 	 	0 	 	0 	 	0 	 	0 	 	0 	 	0 	 	
0 	 	18 	 	0 	 	0 	 	0 	 	0 	 	0 	 	0 	 	0 	 	0 	 	
19 	 	0 	 	0 	 	0 	 	0 	 	0 	 	0 	 	0 	 	0 	 	0 	 	
0 	 	0 	 	4 	 	0 	 	0 	 	14 	 	0 	 	0 	 	0 	 	14 	 	
0 	 	11 	 	0 	 	0 	 	0 	 	9 	 	0 	 	0 	 	0 	 	0 	 	
0 	 	0 	 	0 	 	0 	 	0 	 	0 	 	11 	 	0 	 	0 	 	0 	 	
