10
3 	6
0 	 	0 	 	0 	 	17 	 	18 	 	6 	 	0 	 	0 	 	11 	 	12 	 	
0 	 	0 	 	5 	 	0 	 	0 	 	0 	 	17 	 	6 	 	11 	 	0 	 	
0 	 	7 	 	0 	 	3 	 	11 	 	0 	 	0 	 	8 	 	6 	 	0 	 	
0 	 	0 	 	0 	 	0 	 	1 	 	18 	 	0 	 	5 	 	0 	 	0 	 	
3 	 	18 	 	9 	 	9 	 	0 	 	0 	 	0 	 	4 	 	0 	 	0 	 	
0 	 	17 	 	8 	 	11 	 	0 	 	0 	 	0 	 	0 	 	3 	 	0 	 	
18 	 	0 	 	0 	 	0 	 	16 	 	0 	 	0 	 	0 	 	0 	 	11 	 	
0 	 	14 	 	6 	 	0 	 	0 	 	0 	 	3 	 	0 	 	0 	 	0 	 	
0 	 	14 	 	0 	 	6 	 	16 	 	0 	 	4 	 	0 	 	0 	 	12 	 	
13 	 	4 	 	0 	 	0 	 	0 	 	0 	 	0 	 	15 	 	0 	 	0 	 	
