10
9 	1
0 	 	0 	 	13 	 	0 	 	8 	 	0 	 	13 	 	0 	 	6 	 	0 	 	
0 	 	0 	 	1 	 	0 	 	0 	 	0 	 	0 	 	5 	 	4 	 	19 	 	
0 	 	0 	 	0 	 	13 	 	8 	 	0 	 	0 	 	0 	 	0 	 	3 	 	
0 	 	0 	 	0 	 	0 	 	0 	 	0 	 	12 	 	0 	 	0 	 	0 	 	
19 	 	4 	 	16 	 	0 	 	0 	 	6 	 	9 	 	0 	 	19 	 	15 	 	
0 	 	5 	 	0 	 	0 	 	4 	 	0 	 	6 	 	3 	 	4 	 	4 	 	
0 	 	0 	 	0 	 	0 	 	0 	 	18 	 	0 	 	18 	 	14 	 	2 	 	
0 	 	0 	 	8 	 	0 	 	6 	 	0 	 	10 	 	0 	 	10 	 	16 	 	
4 	 	6 	 	9 	 	0 	 	8 	 	13 	 	0 	 	0 	 	0 	 	0 	 	
0 	 	0 	 	0 	 	0 	 	6 	 	0 	 	0 	 	14 	 	0 	 	0 	 	
