10
3 	6
0 	 	0 	 	19 	 	0 	 	0 	 	0 	 	0 	 	19 	 	1 	 	6 	 	
0 	 	0 	 	15 	 	4 	 	0 	 	0 	 	0 	 	0 	 	0 	 	3 	 	
0 	 	2 	 	0 	 	2 	 	19 	 	1 	 	0 	 	5 	 	0 	 	0 	 	
2 	 	3 	 	0 	 	0 	 	2 	 	15 	 	0 	 	0 	 	0 	 	10 	 	
0 	 	0 	 	0 	 	12 	 	0 	 	16 	 	2 	 	0 	 	0 	 	19 	 	
1 	 	17 	 	0 	 	0 	 	4 	 	0 	 	15 	 	0 	 	0 	 	0 	 	
0 	 	0 	 	0 	 	0 	 	0 	 	17 	 	0 	 	0 	 	0 	 	16 	 	
0 	 	18 	 	0 	 	0 	 	6 	 	6 	 	0 	 	0 	 	0 	 	14 	 	
0 	 	0 	 	0 	 	0 	 	0 	 	15 	 	0 	 	0 	 	0 	 	0 	 	
17 	 	0 	 	14 	 	2 	 	12 	 	11 	 	12 	 	0 	 	0 	 	0 	 	
