10
8 	3
0 	 	0 	 	0 	 	18 	 	3 	 	10 	 	5 	 	18 	 	0 	 	0 	 	
0 	 	0 	 	0 	 	0 	 	12 	 	0 	 	11 	 	7 	 	10 	 	0 	 	
17 	 	0 	 	0 	 	4 	 	0 	 	6 	 	15 	 	15 	 	15 	 	7 	 	
0 	 	0 	 	0 	 	0 	 	5 	 	0 	 	0 	 	15 	 	0 	 	0 	 	
0 	 	10 	 	11 	 	14 	 	0 	 	0 	 	0 	 	5 	 	0 	 	2 	 	
5 	 	10 	 	0 	 	0 	 	1 	 	0 	 	12 	 	16 	 	0 	 	0 	 	
0 	 	0 	 	1 	 	0 	 	0 	 	0 	 	0 	 	0 	 	0 	 	0 	 	
0 	 	0 	 	9 	 	3 	 	16 	 	0 	 	0 	 	0 	 	4 	 	0 	 	
10 	 	0 	 	1 	 	1 	 	0 	 	0 	 	2 	 	0 	 	0 	 	0 	 	
0 	 	0 	 	5 	 	0 	 	0 	 	1 	 	0 	 	16 	 	0 	 	0 	 	
