10
5 	0
0 	 	1 	 	18 	 	15 	 	6 	 	0 	 	5 	 	12 	 	16 	 	0 	 	
11 	 	0 	 	0 	 	15 	 	0 	 	0 	 	0 	 	2 	 	0 	 	0 	 	
0 	 	0 	 	0 	 	0 	 	7 	 	0 	 	10 	 	19 	 	0 	 	4 	 	
18 	 	0 	 	16 	 	0 	 	1 	 	0 	 	0 	 	5 	 	0 	 	14 	 	
17 	 	18 	 	16 	 	16 	 	0 	 	0 	 	0 	 	19 	 	0 	 	1 	 	
6 	 	12 	 	0 	 	5 	 	11 	 	0 	 	0 	 	0 	 	14 	 	0 	 	
0 	 	11 	 	0 	 	8 	 	0 	 	0 	 	0 	 	0 	 	0 	 	0 	 	
3 	 	11 	 	19 	 	0 	 	9 	 	0 	 	0 	 	0 	 	0 	 	15 	 	
0 	 	0 	 	8 	 	0 	 	14 	 	0 	 	0 	 	0 	 	0 	 	0 	 	
0 	 	0 	 	9 	 	7 	 	7 	 	0 	 	6 	 	0 	 	0 	 	0 	 	
