10
4 	2
0 	 	0 	 	0 	 	13 	 	16 	 	14 	 	0 	 	0 	 	6 	 	19 	 	
0 	 	0 	 	0 	 	15 	 	9 	 	11 	 	0 	 	7 	 	6 	 	6 	 	
0 	 	0 	 	0 	 	0 	 	14 	 	13 	 	0 	 	0 	 	0 	 	0 	 	
0 	 	0 	 	0 	 	0 	 	10 	 	1 	 	17 	 	0 	 	6 	 	3 	 	
0 	 	0 	 	0 	 	0 	 	0 	 	0 	 	17 	 	12 	 	0 	 	7 	 	
12 	 	11 	 	0 	 	11 	 	0 	 	0 	 	0 	 	0 	 	17 	 	14 	 	
0 	 	14 	 	11 	 	0 	 	3 	 	0 	 	0 	 	0 	 	16 	 	0 	 	
15 	 	0 	 	0 	 	0 	 	1 	 	0 	 	3 	 	0 	 	0 	 	0 	 	
0 	 	0 	 	0 	 	0 	 	0 	 	5 	 	9 	 	12 	 	0 	 	8 	 	
15 	 	11 	 	0 	 	16 	 	0 	 	12 	 	0 	 	8 	 	0 	 	0 	 	
