10
0 	6
0 	 	6 	 	0 	 	8 	 	6 	 	0 	 	0 	 	11 	 	3 	 	1 	 	
0 	 	0 	 	0 	 	0 	 	0 	 	0 	 	0 	 	0 	 	0 	 	0 	 	
0 	 	0 	 	0 	 	0 	 	3 	 	0 	 	0 	 	0 	 	0 	 	8 	 	
0 	 	0 	 	0 	 	0 	 	0 	 	0 	 	0 	 	0 	 	0 	 	0 	 	
0 	 	0 	 	0 	 	15 	 	0 	 	0 	 	0 	 	16 	 	0 	 	0 	 	
0 	 	14 	 	0 	 	0 	 	0 	 	0 	 	0 	 	10 	 	0 	 	0 	 	
0 	 	13 	 	17 	 	0 	 	0 	 	7 	 	0 	 	0 	 	3 	 	0 	 	
0 	 	0 	 	0 	 	0 	 	0 	 	0 	 	0 	 	0 	 	7 	 	0 	 	
18 	 	0 	 	0 	 	0 	 	0 	 	9 	 	0 	 	0 	 	0 	 	0 	 	
0 	 	0 	 	0 	 	0 	 	0 	 	0 	 	6 	 	0 	 	9 	 	0 	 	
