10
6 	7
0 	 	0 	 	0 	 	18 	 	0 	 	0 	 	0 	 	0 	 	0 	 	0 	 	
0 	 	0 	 	11 	 	0 	 	0 	 	0 	 	0 	 	0 	 	0 	 	0 	 	
0 	 	0 	 	0 	 	7 	 	11 	 	0 	 	0 	 	0 	 	0 	 	0 	 	
16 	 	15 	 	0 	 	0 	 	0 	 	2 	 	0 	 	7 	 	13 	 	11 	 	
0 	 	14 	 	0 	 	0 	 	0 	 	0 	 	0 	 	0 	 	0 	 	0 	 	
0 	 	0 	 	0 	 	0 	 	0 	 	0 	 	0 	 	0 	 	0 	 	0 	 	
0 	 	0 	 	0 	 	0 	 	0 	 	0 	 	0 	 	0 	 	6 	 	0 	 	
0 	 	0 	 	0 	 	19 	 	0 	 	0 	 	0 	 	0 	 	0 	 	0 	 	
0 	 	4 	 	0 	 	0 	 	0 	 	11 	 	0 	 	0 	 	0 	 	0 	 	
0 	 	0 	 	15 	 	0 	 	0 	 	0 	 	0 	 	0 	 	0 	 	0 	 	
