10
2 	9
0 	 	0 	 	1 	 	0 	 	0 	 	0 	 	2 	 	15 	 	0 	 	0 	 	
17 	 	0 	 	11 	 	15 	 	8 	 	0 	 	9 	 	0 	 	6 	 	2 	 	
17 	 	0 	 	0 	 	6 	 	0 	 	19 	 	7 	 	8 	 	0 	 	0 	 	
15 	 	11 	 	5 	 	0 	 	0 	 	19 	 	2 	 	6 	 	7 	 	10 	 	
0 	 	14 	 	19 	 	14 	 	0 	 	16 	 	3 	 	0 	 	13 	 	13 	 	
0 	 	18 	 	13 	 	0 	 	3 	 	0 	 	18 	 	0 	 	4 	 	18 	 	
7 	 	1 	 	11 	 	0 	 	7 	 	11 	 	0 	 	12 	 	0 	 	0 	 	
0 	 	7 	 	4 	 	12 	 	6 	 	0 	 	0 	 	0 	 	3 	 	0 	 	
15 	 	0 	 	4 	 	11 	 	4 	 	0 	 	0 	 	14 	 	0 	 	19 	 	
4 	 	0 	 	3 	 	0 	 	9 	 	16 	 	9 	 	18 	 	10 	 	0 	 	
