10
2 	3
0 	 	0 	 	11 	 	0 	 	19 	 	0 	 	0 	 	16 	 	9 	 	0 	 	
13 	 	0 	 	0 	 	11 	 	19 	 	14 	 	5 	 	17 	 	0 	 	9 	 	
2 	 	0 	 	0 	 	0 	 	1 	 	2 	 	10 	 	13 	 	19 	 	4 	 	
12 	 	6 	 	1 	 	0 	 	6 	 	16 	 	0 	 	8 	 	0 	 	0 	 	
11 	 	4 	 	0 	 	13 	 	0 	 	16 	 	1 	 	18 	 	0 	 	12 	 	
4 	 	17 	 	3 	 	4 	 	1 	 	0 	 	6 	 	7 	 	4 	 	19 	 	
0 	 	7 	 	8 	 	0 	 	18 	 	19 	 	0 	 	1 	 	0 	 	0 	 	
0 	 	0 	 	7 	 	4 	 	0 	 	0 	 	10 	 	0 	 	0 	 	0 	 	
5 	 	10 	 	11 	 	0 	 	0 	 	0 	 	4 	 	16 	 	0 	 	0 	 	
0 	 	0 	 	12 	 	12 	 	14 	 	10 	 	0 	 	17 	 	2 	 	0 	 	
