10
9 	5
0 	 	6 	 	6 	 	0 	 	0 	 	0 	 	0 	 	2 	 	0 	 	0 	 	
0 	 	0 	 	7 	 	0 	 	0 	 	0 	 	0 	 	0 	 	0 	 	0 	 	
0 	 	0 	 	0 	 	0 	 	0 	 	17 	 	0 	 	4 	 	0 	 	0 	 	
0 	 	0 	 	17 	 	0 	 	17 	 	0 	 	0 	 	0 	 	0 	 	0 	 	
0 	 	0 	 	0 	 	19 	 	0 	 	0 	 	0 	 	7 	 	0 	 	2 	 	
0 	 	17 	 	0 	 	0 	 	0 	 	0 	 	0 	 	0 	 	0 	 	14 	 	
0 	 	0 	 	2 	 	0 	 	4 	 	0 	 	0 	 	0 	 	0 	 	0 	 	
0 	 	0 	 	0 	 	0 	 	17 	 	0 	 	0 	 	0 	 	7 	 	10 	 	
0 	 	0 	 	0 	 	0 	 	0 	 	15 	 	0 	 	0 	 	0 	 	18 	 	
0 	 	0 	 	2 	 	0 	 	0 	 	0 	 	0 	 	0 	 	0 	 	0 	 	
