10
4 	0
0 	 	0 	 	0 	 	3 	 	17 	 	0 	 	0 	 	0 	 	0 	 	0 	 	
0 	 	0 	 	0 	 	0 	 	0 	 	2 	 	0 	 	4 	 	0 	 	0 	 	
0 	 	0 	 	0 	 	0 	 	0 	 	13 	 	1 	 	3 	 	4 	 	0 	 	
0 	 	0 	 	9 	 	0 	 	0 	 	13 	 	0 	 	0 	 	0 	 	0 	 	
0 	 	0 	 	0 	 	0 	 	0 	 	0 	 	0 	 	0 	 	0 	 	17 	 	
0 	 	0 	 	0 	 	0 	 	9 	 	0 	 	0 	 	0 	 	5 	 	19 	 	
16 	 	0 	 	13 	 	12 	 	0 	 	0 	 	0 	 	0 	 	0 	 	0 	 	
5 	 	8 	 	0 	 	0 	 	11 	 	0 	 	3 	 	0 	 	6 	 	0 	 	
19 	 	0 	 	0 	 	0 	 	0 	 	0 	 	0 	 	4 	 	0 	 	0 	 	
0 	 	0 	 	3 	 	0 	 	8 	 	0 	 	19 	 	0 	 	0 	 	0 	 	
