0.01380300521850586
0.005606889724731445
0.005404949188232422
0.005204916000366211
0.007355928421020508
0.006515026092529297
0.005895853042602539
0.005553007125854492
0.005341053009033203
0.005640983581542969
0.0057220458984375
0.005574941635131836
0.0054471492767333984
0.0061528682708740234
0.00660395622253418
0.007128000259399414
0.008699178695678711
0.009957075119018555
0.006816864013671875
0.005825042724609375
0.0066030025482177734
0.006517171859741211
0.0058040618896484375
0.005706071853637695
0.00679779052734375
0.006206989288330078
0.00625300407409668
0.005858182907104492
0.0065729618072509766
0.006003141403198242
0.0067789554595947266
0.007957935333251953
0.007764101028442383
0.006577968597412109
0.007350921630859375
0.007894039154052734
0.006417989730834961
0.005797863006591797
0.006062984466552734
0.006372928619384766
0.007205963134765625
0.006906986236572266
0.006325960159301758
0.006322145462036133
0.006381034851074219
0.007300853729248047
0.0072841644287109375
0.007484912872314453
0.008419036865234375
0.005967140197753906
0.00717616081237793
0.0073659420013427734
0.00775599479675293
0.0069658756256103516
0.00689387321472168
0.005795001983642578
0.006888151168823242
0.005568027496337891
0.007073879241943359
0.005708932876586914
0.0063381195068359375
0.006162166595458984
0.006412982940673828
0.00657200813293457
0.006779909133911133
0.006167173385620117
0.006273031234741211
0.006170988082885742
0.006952047348022461
0.011307954788208008
0.011779069900512695
0.011549949645996094
0.011429071426391602
0.011464118957519531
0.011687040328979492
0.011420965194702148
0.013061046600341797
0.013202905654907227
0.011890888214111328
0.011471986770629883
0.011929035186767578
0.01151418685913086
0.011483907699584961
0.011454105377197266
0.011538028717041016
0.011534929275512695
0.011750936508178711
0.011430025100708008
0.013623952865600586
0.012476921081542969
0.012794017791748047
0.011696100234985352
0.012753963470458984
0.012408018112182617
0.01208186149597168
0.011814117431640625
0.012768983840942383
0.012881040573120117
0.013521194458007812
0.011805057525634766
0.011466026306152344
0.011972904205322266
0.012032032012939453
0.01180887222290039
0.011379003524780273
0.011436939239501953
0.013402938842773438
0.011294126510620117
0.012137174606323242
0.0116119384765625
0.011800050735473633
0.01200103759765625
0.011643171310424805
0.011513948440551758
0.011596918106079102
0.011631011962890625
0.011013984680175781
0.011580944061279297
0.01096200942993164
0.01147603988647461
0.012253999710083008
0.011501789093017578
0.010332822799682617
0.011477947235107422
0.011568784713745117
0.011655092239379883
0.012250900268554688
0.01191401481628418
0.021747112274169922
0.012151956558227539
0.011868953704833984
0.011986017227172852
0.011558055877685547
0.011793851852416992
0.011693954467773438
0.012701034545898438
0.013657093048095703
0.011687040328979492
0.014165878295898438
0.011752843856811523
0.010436058044433594
0.008313894271850586
0.00875091552734375
0.01151895523071289
0.011844873428344727
0.012243986129760742
0.01300811767578125
0.011433124542236328
0.008270025253295898
0.008404016494750977
0.01054692268371582
0.01184701919555664
0.011574029922485352
0.010604143142700195
0.011987924575805664
0.011551856994628906
0.011425018310546875
0.0064618587493896484
0.00940394401550293
0.007620096206665039
0.008107900619506836
0.006947040557861328
0.00742793083190918
0.010149955749511719
0.00974893569946289
0.00796818733215332
0.009708881378173828
0.00922393798828125
0.0071430206298828125
0.007478952407836914
0.011533021926879883
0.007989883422851562
0.008033990859985352
0.009634017944335938
0.01176905632019043
0.011436939239501953
0.00937199592590332
0.011760950088500977
0.011487007141113281
0.010882139205932617
0.011499881744384766
0.006690025329589844
0.012385129928588867
0.009396076202392578
0.00902700424194336
0.008813142776489258
0.00795602798461914
0.006033182144165039
0.012279987335205078
0.012302875518798828
0.011356115341186523
0.009266138076782227
0.009404897689819336
0.011609077453613281
0.009004831314086914
0.010538816452026367
0.011447906494140625
0.006587982177734375
0.006464958190917969
0.006469011306762695
0.009357929229736328
0.0061299800872802734
0.00654292106628418
0.006503105163574219
0.009303808212280273
0.007916927337646484
0.006227016448974609
0.00665593147277832
0.009024858474731445
0.0073719024658203125
0.006829977035522461
0.0073740482330322266
0.006661176681518555
0.011467218399047852
0.007130146026611328
0.00712895393371582
0.0075359344482421875
0.009129047393798828
0.00717616081237793
0.008066892623901367
0.010457992553710938
0.00783085823059082
0.008514165878295898
0.008782148361206055
0.01391911506652832
0.01240682601928711
0.006783008575439453
0.007980108261108398
0.006251096725463867
0.007206916809082031
0.0063381195068359375
0.00757598876953125
0.005917072296142578
0.005981922149658203
0.005716085433959961
0.0062961578369140625
0.005908012390136719
0.00638890266418457
0.006896018981933594
0.006087064743041992
0.00592494010925293
0.005766868591308594
0.006438016891479492
0.0063648223876953125
0.0062808990478515625
0.006031036376953125
0.00586390495300293
0.009309053421020508
0.007981061935424805
0.008224964141845703
0.007311820983886719
0.007637977600097656
0.007091045379638672
0.006736040115356445
0.009412050247192383
0.006634950637817383
0.006490945816040039
0.006723165512084961
0.007550954818725586
0.009664058685302734
0.006715059280395508
0.007154941558837891
0.007838010787963867
0.013118982315063477
0.009164094924926758
0.008733987808227539
0.008159875869750977
0.008067846298217773
0.011259078979492188
0.007285118103027344
0.007391929626464844
0.006963014602661133
0.011907100677490234
0.009215116500854492
0.007424116134643555
0.006073951721191406
0.007083892822265625
0.007150888442993164
0.006532907485961914
0.00664210319519043
0.0059740543365478516
0.006912946701049805
0.006108999252319336
0.00884699821472168
0.008897066116333008
0.010145902633666992
0.006922006607055664
0.007806062698364258
0.009647130966186523
0.00644993782043457
0.006562948226928711
0.00669097900390625
0.0063021183013916016
0.0075550079345703125
0.008265018463134766
0.008605003356933594
0.008111000061035156
0.009861946105957031
0.008240938186645508
0.007224082946777344
0.007842063903808594
0.00787806510925293
0.0065708160400390625
0.0072820186614990234
0.010337114334106445
0.00840616226196289
0.011389970779418945
0.00852823257446289
0.010662078857421875
0.01209115982055664
0.00983285903930664
0.00660395622253418
0.007421970367431641
0.0070819854736328125
0.008284807205200195
0.007050991058349609
0.006810903549194336
0.006244182586669922
0.006801128387451172
0.009099006652832031
0.0069959163665771484
0.00669097900390625
0.0063631534576416016
0.006353139877319336
0.008787870407104492
0.005887031555175781
0.00577998161315918
0.00627899169921875
0.006190061569213867
0.009480953216552734
0.012061119079589844
0.011834859848022461
0.011631965637207031
0.011768102645874023
0.011670112609863281
0.011887073516845703
0.011741876602172852
0.0073430538177490234
0.007687091827392578
0.008831024169921875
0.009701013565063477
0.009150028228759766
0.011723995208740234
0.008584022521972656
0.007670164108276367
0.010293006896972656
0.011329889297485352
0.011469125747680664
0.011424064636230469
0.010092020034790039
0.0077779293060302734
0.0075571537017822266
0.011842012405395508
0.011766910552978516
0.012257099151611328
0.011474132537841797
0.013647794723510742
0.01182413101196289
0.011171102523803711
0.011147022247314453
0.011974096298217773
0.01258397102355957
0.011048078536987305
0.011300086975097656
0.011095046997070312
0.011214971542358398
0.010792016983032227
0.011528968811035156
0.012470006942749023
0.014909982681274414
0.011440038681030273
0.008859872817993164
0.006569862365722656
0.006233930587768555
0.005889177322387695
0.005547046661376953
0.005738019943237305
0.0075359344482421875
0.009910106658935547
0.011661052703857422
0.011554956436157227
0.01063990592956543
0.008128881454467773
0.011202812194824219
0.009852170944213867
0.00797891616821289
0.007248878479003906
0.012674093246459961
0.0070459842681884766
0.005880117416381836
0.005980014801025391
0.011632919311523438
0.007825136184692383
0.006986141204833984
0.006914854049682617
0.008702993392944336
0.006348133087158203
0.008719921112060547
0.00743412971496582
0.009902000427246094
0.011227130889892578
0.012129068374633789
0.006139039993286133
0.007097005844116211
0.012185096740722656
0.006439924240112305
0.006248950958251953
0.005258083343505859
0.006469011306762695
0.006618976593017578
0.006170988082885742
0.0056879520416259766
0.005735874176025391
0.008123159408569336
0.007217884063720703
0.007851839065551758
0.005351066589355469
0.006041049957275391
0.00536799430847168
0.005415916442871094
0.010528087615966797
0.006840944290161133
0.0057621002197265625
0.0054168701171875
0.0056400299072265625
0.005314826965332031
0.005947113037109375
0.00893402099609375
0.007669925689697266
0.008033990859985352
0.005630016326904297
0.005674123764038086
0.0054662227630615234
0.008220911026000977
0.006006002426147461
0.006417989730834961
0.005800962448120117
0.007626056671142578
0.009348869323730469
0.005382061004638672
0.00573420524597168
0.0056149959564208984
0.0060100555419921875
0.005728006362915039
0.005741119384765625
0.005694150924682617
0.005670070648193359
0.0054972171783447266
0.008633852005004883
0.007668972015380859
0.006129026412963867
0.005536079406738281
0.006440877914428711
0.005949974060058594
0.007091045379638672
0.006990909576416016
0.007483959197998047
0.00652003288269043
0.006075143814086914
0.0076410770416259766
0.009907960891723633
0.00674891471862793
0.008214950561523438
0.007047176361083984
0.009032964706420898
0.006021022796630859
0.005693197250366211
0.006067991256713867
0.005969047546386719
0.006042003631591797
0.006044149398803711
0.006270170211791992
0.009020090103149414
0.006067991256713867
0.006442070007324219
0.006234169006347656
0.01101994514465332
0.00817108154296875
0.009398937225341797
0.007220029830932617
0.0064449310302734375
0.005526065826416016
0.006212949752807617
0.005403995513916016
0.007390022277832031
0.0060160160064697266
0.005624055862426758
0.0058689117431640625
0.006134986877441406
0.0075528621673583984
0.006716012954711914
0.0055119991302490234
0.005570888519287109
0.005421161651611328
0.005522012710571289
0.007474184036254883
0.01122593879699707
0.0066680908203125
0.0064067840576171875
0.006815195083618164
0.006659984588623047
0.006245136260986328
0.011604070663452148
0.011708974838256836
0.007792949676513672
0.007587909698486328
0.007766008377075195
0.00828409194946289
0.011533021926879883
0.008304119110107422
0.00836181640625
0.009510040283203125
0.010879993438720703
0.006283998489379883
0.006737947463989258
0.006472110748291016
0.007073879241943359
0.009212970733642578
0.010322809219360352
0.008363008499145508
0.00693202018737793
0.008151054382324219
0.006966114044189453
0.006368875503540039
0.0076868534088134766
0.00821685791015625
0.008228063583374023
0.011467933654785156
0.006264925003051758
0.00614619255065918
0.006276130676269531
0.006381988525390625
0.006591081619262695
0.007593870162963867
0.006298065185546875
0.006448030471801758
0.007500886917114258
0.009651899337768555
0.006293058395385742
0.006317853927612305
0.007770061492919922
0.008142948150634766
0.011890888214111328
0.01032400131225586
0.007050037384033203
0.007049083709716797
0.006682872772216797
0.006486177444458008
0.007138967514038086
0.006657838821411133
0.008856058120727539
0.006926059722900391
0.006721973419189453
0.0064699649810791016
0.00706791877746582
0.008695125579833984
0.0067310333251953125
0.006691932678222656
0.006706953048706055
0.009367942810058594
0.011219024658203125
0.011472940444946289
0.006966114044189453
0.006335020065307617
0.007195949554443359
0.0059490203857421875
0.006703853607177734
0.0062580108642578125
0.00657200813293457
0.007097959518432617
0.009238004684448242
0.006476879119873047
0.006709098815917969
0.007070064544677734
0.009238004684448242
0.0070040225982666016
0.00646209716796875
0.006803989410400391
0.013074874877929688
0.012835025787353516
0.009840965270996094
0.0076198577880859375
0.009070873260498047
0.0077648162841796875
0.006864070892333984
0.006953001022338867
0.006593942642211914
0.00728607177734375
0.006632089614868164
0.006556987762451172
0.009113073348999023
0.006430864334106445
0.006824970245361328
0.007348060607910156
0.00982809066772461
0.01230001449584961
0.008517980575561523
0.008776187896728516
0.006501913070678711
0.006343841552734375
0.006393909454345703
0.008961915969848633
0.007390022277832031
0.006356954574584961
0.006350040435791016
0.0073049068450927734
0.009563922882080078
0.01146697998046875
0.0116729736328125
0.011548995971679688
0.011857032775878906
0.011245965957641602
0.008840084075927734
0.009672164916992188
0.011208057403564453
0.008352994918823242
0.007606983184814453
0.008588075637817383
0.006227970123291016
0.006309032440185547
0.0062580108642578125
0.007581949234008789
0.007426023483276367
0.005964040756225586
0.006504058837890625
0.0061588287353515625
0.007400989532470703
0.01132512092590332
0.006392002105712891
0.00662994384765625
0.0061419010162353516
0.006845951080322266
0.005836009979248047
0.007940053939819336
0.005691051483154297
0.00642704963684082
0.006059885025024414
0.007075786590576172
0.005882978439331055
0.005541086196899414
0.00592803955078125
0.005905866622924805
0.006083011627197266
0.00569605827331543
0.005953073501586914
0.0060389041900634766
0.009007930755615234
0.016063928604125977
0.007480144500732422
0.007826805114746094
0.00719904899597168
0.007668972015380859
0.007051944732666016
0.0074350833892822266
0.006623029708862305
0.006851911544799805
0.006371021270751953
0.006283998489379883
0.008177042007446289
0.008198022842407227
0.008491992950439453
0.009428024291992188
0.006906986236572266
0.008100032806396484
0.0060138702392578125
0.00665593147277832
0.005846977233886719
0.006142854690551758
0.00639796257019043
0.009099960327148438
0.010061025619506836
0.008093118667602539
0.006699085235595703
0.00659489631652832
0.012703895568847656
0.010583162307739258
0.007401943206787109
0.008157968521118164
0.007968902587890625
0.006459951400756836
0.006454944610595703
0.006200075149536133
0.009000062942504883
0.006459951400756836
0.008003950119018555
0.007676124572753906
0.006659030914306641
0.009299039840698242
0.006920814514160156
0.0064220428466796875
0.008008003234863281
0.00805521011352539
0.00989389419555664
0.012326955795288086
0.006577014923095703
0.0063610076904296875
0.008003950119018555
0.007541179656982422
0.009124040603637695
0.007283926010131836
0.007066011428833008
0.007055044174194336
0.0069921016693115234
0.009839057922363281
0.007107973098754883
0.006660938262939453
0.006414890289306641
0.008401870727539062
0.007534980773925781
0.010498046875
0.0067501068115234375
0.007815122604370117
0.0083160400390625
0.010368108749389648
0.006353855133056641
0.006408214569091797
0.006418943405151367
0.012300968170166016
0.009290218353271484
0.01076507568359375
0.009711980819702148
0.006535768508911133
0.006768941879272461
0.007142066955566406
0.00705409049987793
0.009019136428833008
0.008964061737060547
0.007108926773071289
0.006640911102294922
0.006328105926513672
0.012257099151611328
0.023988962173461914
0.006762981414794922
0.006968021392822266
0.0059168338775634766
0.005966901779174805
0.006055116653442383
0.0060918331146240234
0.005674839019775391
0.005990028381347656
0.006011962890625
0.006763935089111328
0.006422996520996094
0.006537914276123047
0.006353139877319336
0.0068759918212890625
0.0060520172119140625
0.0057179927825927734
0.006765127182006836
0.0068378448486328125
0.010189056396484375
0.006485939025878906
0.0068759918212890625
0.005722999572753906
0.006776094436645508
0.006571054458618164
0.005784034729003906
0.007430076599121094
0.007214069366455078
0.008931159973144531
0.006019115447998047
0.008560895919799805
0.00702214241027832
0.006381988525390625
0.005834102630615234
0.007049083709716797
0.005990028381347656
0.005979061126708984
0.005919933319091797
0.008329153060913086
0.007992982864379883
0.006883859634399414
0.007812023162841797
0.005496025085449219
0.00740814208984375
0.006827831268310547
0.008764028549194336
0.00797891616821289
0.008757829666137695
0.007400035858154297
0.011321067810058594
0.01687479019165039
0.013072967529296875
0.012346982955932617
0.01234579086303711
0.011636972427368164
0.01236104965209961
0.012775897979736328
0.011534929275512695
0.012270927429199219
0.011762857437133789
0.01179194450378418
0.01215505599975586
0.012307167053222656
0.011803865432739258
0.01175999641418457
0.0122528076171875
0.012445926666259766
0.011528968811035156
0.01357579231262207
0.014345884323120117
0.01145792007446289
0.012239933013916016
0.012032032012939453
0.01314997673034668
0.012475967407226562
0.013688087463378906
0.013711929321289062
0.011990070343017578
0.45111703872680664
0.011221885681152344
0.011385917663574219
0.012190103530883789
0.011943817138671875
0.01208806037902832
0.01143193244934082
0.011588096618652344
0.011439085006713867
0.012375116348266602
0.011939048767089844
0.0141448974609375
0.012026071548461914
0.011255025863647461
0.07920503616333008
0.012108802795410156
0.01194906234741211
0.011363983154296875
0.012012958526611328
0.054058074951171875
0.011489152908325195
0.011787891387939453
0.011873960494995117
0.01151895523071289
0.011423826217651367
0.011756181716918945
0.011700868606567383
0.011179924011230469
0.011384963989257812
0.012024879455566406
0.011516094207763672
0.011765003204345703
0.013612985610961914
0.013788938522338867
0.012309074401855469
0.03247714042663574
0.01182103157043457
0.01260995864868164
0.011850118637084961
0.011780977249145508
0.014055967330932617
0.013303041458129883
0.011600017547607422
0.01611185073852539
0.012799978256225586
0.011940956115722656
0.012436866760253906
0.013335943222045898
0.013128042221069336
0.014192819595336914
0.011261940002441406
0.012611150741577148
0.013511896133422852
0.012140989303588867
0.011516809463500977
0.011153936386108398
0.011485815048217773
0.011291027069091797
0.01140904426574707
0.011692047119140625
0.011378049850463867
0.011656045913696289
0.011384010314941406
0.011750936508178711
0.011440038681030273
0.011424064636230469
0.010892868041992188
0.011102914810180664
0.011323928833007812
0.011070966720581055
0.01137399673461914
0.011574983596801758
0.011268138885498047
0.011065006256103516
0.011118173599243164
0.01128387451171875
0.010863065719604492
0.011002063751220703
0.011535882949829102
0.011406898498535156
0.011337995529174805
0.011231184005737305
0.012475967407226562
0.01155400276184082
0.011258840560913086
0.011158943176269531
0.011258125305175781
0.011417150497436523
0.011149883270263672
0.011500120162963867
0.011142969131469727
0.011175155639648438
0.011556863784790039
0.011095046997070312
0.011667966842651367
0.011322975158691406
0.011116981506347656
0.011307954788208008
0.011235952377319336
0.01191091537475586
0.011284112930297852
0.011155128479003906
0.011556863784790039
0.011811017990112305
0.012598037719726562
0.011146068572998047
0.014081954956054688
0.011171102523803711
0.011078834533691406
0.011179208755493164
0.011441946029663086
0.011802196502685547
0.011602163314819336
0.011389970779418945
0.011275053024291992
0.01129007339477539
0.011149883270263672
0.011270999908447266
0.01131296157836914
0.011003971099853516
0.01162099838256836
0.011080026626586914
0.011700153350830078
0.01192617416381836
0.012526988983154297
0.011201858520507812
0.010923147201538086
0.01117396354675293
0.011333942413330078
0.010942935943603516
0.011404037475585938
0.011316061019897461
0.01158285140991211
0.011703968048095703
0.011628150939941406
0.010988950729370117
0.011968135833740234
0.011680126190185547
0.011438131332397461
0.011869192123413086
0.011784076690673828
0.011934995651245117
0.01135396957397461
0.011399030685424805
0.010807991027832031
0.01168203353881836
0.011322021484375
0.01165008544921875
0.011806011199951172
0.010793924331665039
0.011258125305175781
0.011219978332519531
0.011001110076904297
0.01209402084350586
0.016339778900146484
0.011699914932250977
0.011497020721435547
0.010830879211425781
0.011266946792602539
0.011234045028686523
0.011543035507202148
0.010979890823364258
0.011434078216552734
0.01143503189086914
0.011164188385009766
0.011039018630981445
0.011542081832885742
0.01110696792602539
0.010994911193847656
0.01182699203491211
0.011134147644042969
0.011376142501831055
0.011111974716186523
0.011090993881225586
0.011392831802368164
0.011255025863647461
0.01112985610961914
0.011355876922607422
0.011073112487792969
0.011199951171875
0.011133909225463867
0.01114511489868164
0.18072795867919922
0.011713027954101562
0.011077880859375
0.01121211051940918
0.011406898498535156
0.011212825775146484
0.011327028274536133
0.011668920516967773
0.011497020721435547
