0.01265096664428711
0.01941084861755371
0.021219968795776367
0.015105962753295898
0.027285099029541016
0.01763010025024414
0.01314401626586914
0.0287630558013916
0.015896081924438477
0.01870894432067871
0.014401912689208984
0.020437002182006836
0.017429113388061523
0.013473033905029297
0.0214998722076416
0.022003889083862305
0.018349885940551758
0.014278888702392578
0.014792203903198242
0.018825054168701172
0.021693944931030273
0.018381118774414062
0.017297029495239258
0.026961088180541992
0.017464160919189453
0.01348114013671875
0.022882938385009766
0.021565914154052734
0.01577305793762207
0.021114110946655273
0.020273923873901367
0.014395952224731445
0.0202789306640625
0.02616095542907715
0.01894688606262207
0.02269887924194336
0.01505899429321289
0.018761157989501953
0.029806137084960938
0.01499485969543457
0.01616501808166504
0.029443025588989258
0.01847696304321289
0.01620793342590332
0.02099919319152832
0.015084028244018555
0.028295040130615234
0.016124963760375977
0.016891002655029297
0.023005962371826172
0.019222021102905273
0.02184891700744629
0.02182793617248535
0.018088102340698242
0.02622199058532715
0.02041912078857422
0.017459869384765625
0.018555164337158203
0.01595282554626465
0.021435976028442383
0.027180910110473633
0.015439987182617188
0.018336057662963867
0.01462101936340332
0.019491910934448242
0.014898061752319336
0.016885995864868164
0.017741918563842773
0.02158808708190918
0.01984405517578125
0.02328014373779297
0.022537946701049805
0.015278100967407227
0.017045021057128906
0.026643037796020508
0.021400928497314453
0.02453899383544922
0.02826094627380371
0.02463507652282715
0.025849103927612305
0.028774023056030273
0.017045974731445312
0.019939184188842773
0.025830984115600586
0.019526004791259766
0.02182793617248535
0.021531105041503906
0.015362977981567383
0.01834392547607422
0.02694988250732422
0.02085113525390625
0.023555994033813477
0.014674186706542969
0.01828908920288086
0.029880046844482422
0.018913984298706055
0.023431777954101562
0.01987600326538086
0.03059101104736328
0.02443099021911621
