0.011036872863769531
0.014942169189453125
0.008346080780029297
0.0071718692779541016
0.007664203643798828
0.007072925567626953
0.008613824844360352
0.008272171020507812
0.006986141204833984
0.008766889572143555
0.008973121643066406
0.012666940689086914
0.0076770782470703125
0.009928226470947266
0.01116800308227539
0.008589982986450195
0.017190933227539062
0.009192943572998047
0.00814509391784668
0.009160995483398438
0.029655933380126953
0.00984811782836914
0.011544227600097656
0.01587390899658203
0.007791996002197266
0.010609865188598633
0.010406017303466797
0.021077871322631836
0.025981903076171875
0.014024972915649414
0.012881040573120117
0.016453027725219727
0.008354902267456055
0.01087498664855957
0.015540838241577148
0.01725602149963379
0.009119033813476562
0.00870513916015625
0.01337289810180664
0.015673160552978516
0.011819124221801758
0.010557889938354492
0.023266077041625977
0.02378702163696289
0.013776063919067383
0.009105920791625977
0.008980035781860352
0.008779048919677734
0.008435964584350586
0.010066032409667969
0.014161109924316406
0.007584095001220703
0.00902104377746582
0.00691986083984375
0.03331112861633301
0.012865066528320312
0.008677005767822266
0.013752937316894531
0.016904115676879883
0.008136987686157227
0.009053945541381836
0.010071039199829102
0.01489114761352539
0.0100250244140625
0.009048938751220703
0.009521007537841797
0.007272005081176758
0.009305953979492188
0.014461994171142578
0.00758814811706543
0.008052825927734375
0.009055137634277344
0.01384592056274414
0.016967058181762695
0.009242057800292969
0.010047197341918945
0.007215976715087891
0.008784055709838867
0.009099006652832031
0.009313106536865234
0.008467912673950195
0.012445926666259766
0.01238107681274414
0.009870052337646484
0.008416175842285156
0.0073621273040771484
0.009594202041625977
0.01707291603088379
0.010114908218383789
0.0069010257720947266
0.008695125579833984
0.010876893997192383
0.0074541568756103516
0.014813899993896484
0.006632804870605469
0.008663177490234375
0.007042884826660156
0.011709928512573242
0.014960050582885742
0.009508132934570312
