0.008118867874145508
0.006939888000488281
0.008418083190917969
0.0072100162506103516
0.007288932800292969
0.0070989131927490234
0.005887031555175781
0.007544994354248047
0.007841110229492188
0.005482912063598633
0.006595134735107422
0.006148099899291992
0.0058591365814208984
0.005300045013427734
0.005510091781616211
0.005276918411254883
0.009402990341186523
0.008804082870483398
0.0057260990142822266
0.007879018783569336
0.0053558349609375
0.00601506233215332
0.0061511993408203125
0.00698089599609375
0.006398916244506836
0.00757598876953125
0.0064220428466796875
0.006402015686035156
0.008327007293701172
0.0057599544525146484
0.0069119930267333984
0.00627899169921875
0.006006002426147461
0.006008148193359375
0.008388996124267578
0.006638050079345703
0.006734132766723633
0.005923032760620117
0.00843501091003418
0.006000041961669922
0.006435871124267578
0.005897045135498047
0.005715131759643555
0.006042003631591797
0.005805015563964844
0.006479978561401367
0.007722139358520508
0.007109165191650391
0.0057220458984375
0.008738994598388672
0.006163120269775391
0.007131099700927734
0.00651097297668457
0.006882905960083008
0.005588054656982422
0.011918067932128906
0.00621795654296875
0.007184028625488281
0.011695146560668945
0.009354114532470703
0.007122993469238281
0.009192943572998047
0.0061490535736083984
0.0077130794525146484
0.009300947189331055
0.007790803909301758
0.007283926010131836
0.006087064743041992
0.01091909408569336
0.008546113967895508
0.006852865219116211
0.012029886245727539
0.008977890014648438
0.008466005325317383
0.008958101272583008
0.007403135299682617
0.009593009948730469
0.011364936828613281
0.007967948913574219
0.005789995193481445
0.005502939224243164
0.00924992561340332
0.01114511489868164
0.007058858871459961
0.009976863861083984
0.009506940841674805
0.012462854385375977
0.011381149291992188
0.012007951736450195
0.012115955352783203
0.011564016342163086
0.006382942199707031
0.009378910064697266
0.007992029190063477
0.007030963897705078
0.011044979095458984
0.00672602653503418
0.00933694839477539
0.006960868835449219
0.005854129791259766
0.00932002067565918
0.007292032241821289
0.011487960815429688
0.007547140121459961
0.0073490142822265625
0.011584043502807617
0.011378049850463867
0.00847005844116211
0.010760784149169922
0.011092185974121094
0.011705875396728516
0.011219978332519531
0.008161067962646484
0.009508132934570312
0.008640050888061523
0.011748075485229492
0.010806083679199219
0.009214162826538086
0.011815071105957031
0.009839057922363281
0.010110139846801758
0.011451005935668945
0.012336015701293945
0.02532196044921875
0.01008296012878418
0.01181793212890625
0.007876157760620117
0.01060795783996582
0.01143789291381836
0.01165318489074707
0.006791114807128906
0.008281946182250977
0.008061885833740234
0.009410858154296875
0.013264894485473633
0.007639169692993164
0.009832143783569336
0.008419036865234375
0.008233070373535156
0.005903959274291992
0.0069179534912109375
0.005590915679931641
0.005724906921386719
0.005802154541015625
0.005630970001220703
0.007234096527099609
0.008499860763549805
0.006490945816040039
0.006975889205932617
0.006865978240966797
0.007418155670166016
0.006043910980224609
0.008123159408569336
0.0074388980865478516
0.006871938705444336
0.006613969802856445
0.006665945053100586
0.006309032440185547
0.0057621002197265625
0.007339954376220703
0.0063381195068359375
0.005682945251464844
0.007776975631713867
0.006469011306762695
0.00821685791015625
0.00537109375
0.007709026336669922
0.008153915405273438
0.008108854293823242
0.009186983108520508
0.011555194854736328
0.011629104614257812
0.011368989944458008
0.006636857986450195
0.009413957595825195
0.01218104362487793
0.009679079055786133
0.011400938034057617
0.010637044906616211
0.006437063217163086
0.005350828170776367
0.007367849349975586
0.010601997375488281
0.005932807922363281
0.006170034408569336
0.006971836090087891
0.007071018218994141
0.006145000457763672
0.005364894866943359
0.0064239501953125
0.0060770511627197266
0.005300998687744141
0.0058438777923583984
0.007726907730102539
0.007136106491088867
0.00787806510925293
0.008607149124145508
0.006556034088134766
0.008075952529907227
0.007442951202392578
0.009457111358642578
0.006226062774658203
0.00623011589050293
0.006128072738647461
0.008355855941772461
0.006588935852050781
0.007524967193603516
0.010565996170043945
0.012701988220214844
0.011649131774902344
0.00970005989074707
0.006544828414916992
0.006338834762573242
0.0060272216796875
0.006643772125244141
0.0068511962890625
0.0057299137115478516
0.006025075912475586
0.007236957550048828
0.005977153778076172
0.006587982177734375
0.006419181823730469
0.00576019287109375
0.0066411495208740234
0.007053852081298828
0.007066011428833008
0.0055201053619384766
0.005541086196899414
0.0052318572998046875
0.00550389289855957
0.006663799285888672
0.005326986312866211
0.005445003509521484
0.005712032318115234
0.005454063415527344
0.006020069122314453
0.00547480583190918
0.00807809829711914
0.01151585578918457
0.010437965393066406
0.01991891860961914
0.011451005935668945
0.010741949081420898
0.011816024780273438
0.009589910507202148
0.012353181838989258
0.007203817367553711
0.006693124771118164
0.007036924362182617
0.007118940353393555
0.007074117660522461
0.010893821716308594
0.007421970367431641
0.007143974304199219
0.006912946701049805
0.00810694694519043
0.006456136703491211
0.009270906448364258
0.00828695297241211
0.010901927947998047
0.00727081298828125
0.006690025329589844
0.010074138641357422
0.006623983383178711
0.006860017776489258
0.006207942962646484
0.009127140045166016
0.007323026657104492
0.0065839290618896484
0.012048006057739258
0.012609004974365234
0.01189112663269043
0.010000944137573242
0.006169795989990234
0.006875038146972656
0.006097078323364258
0.0061798095703125
0.0063359737396240234
0.006469011306762695
0.015720844268798828
0.00987696647644043
0.00887298583984375
0.01028585433959961
0.00884103775024414
0.008594036102294922
0.006018877029418945
0.00595402717590332
0.005928993225097656
0.007109165191650391
0.00613713264465332
0.007722139358520508
0.005751848220825195
0.005764007568359375
0.005949974060058594
0.006114959716796875
0.005820035934448242
0.010206937789916992
0.009359121322631836
0.00644993782043457
0.006268978118896484
0.007620096206665039
0.007210969924926758
0.007324934005737305
0.008026123046875
0.0116119384765625
0.0074269771575927734
0.007421970367431641
0.011677026748657227
0.012246131896972656
0.010081052780151367
0.00904393196105957
0.006886005401611328
0.009380102157592773
0.0062160491943359375
0.006609916687011719
0.0062160491943359375
0.0068089962005615234
0.007097959518432617
0.007824897766113281
0.008723974227905273
0.010280132293701172
0.006609916687011719
0.006079912185668945
0.0066339969635009766
0.009510040283203125
0.0069408416748046875
0.006459951400756836
0.007060050964355469
0.008411169052124023
0.013751983642578125
0.010184049606323242
0.0076999664306640625
0.007339954376220703
0.00984501838684082
0.008198022842407227
0.008250951766967773
0.006285905838012695
0.006679058074951172
0.008247852325439453
0.008635997772216797
0.007372856140136719
0.007224082946777344
0.0064640045166015625
0.009593963623046875
0.006386995315551758
0.007953882217407227
0.007879018783569336
0.006385087966918945
0.007829904556274414
0.011755943298339844
0.012512922286987305
0.006173849105834961
0.008141040802001953
0.008152961730957031
0.006963968276977539
0.008059978485107422
0.007656097412109375
0.0066699981689453125
0.005733966827392578
0.006242036819458008
0.005613088607788086
0.007601022720336914
0.006933927536010742
0.007523059844970703
0.007642030715942383
0.007848024368286133
0.006402015686035156
0.0072019100189208984
0.008174896240234375
0.007750988006591797
0.007875204086303711
0.007767915725708008
0.008450984954833984
0.008152008056640625
0.006955146789550781
0.007241010665893555
0.0065920352935791016
0.007701873779296875
0.006604909896850586
0.006293058395385742
0.0061948299407958984
0.0061571598052978516
0.009097099304199219
0.008048057556152344
0.008742094039916992
0.010144948959350586
0.00875401496887207
0.00666499137878418
0.005886077880859375
0.006014108657836914
0.006645917892456055
0.0060918331146240234
0.008934974670410156
0.008181095123291016
0.00761103630065918
0.01329803466796875
0.015105009078979492
0.013916015625
0.010947942733764648
0.00925588607788086
0.008648872375488281
0.007968902587890625
0.0074460506439208984
0.0103759765625
0.006794929504394531
0.007550954818725586
0.009330987930297852
0.012346029281616211
0.008692026138305664
0.007559061050415039
0.009347915649414062
0.006886959075927734
0.007598876953125
0.011389970779418945
0.007189035415649414
0.007762908935546875
0.011572122573852539
0.011667013168334961
0.010879039764404297
0.011780977249145508
0.0113677978515625
0.016437053680419922
0.012144088745117188
0.012026071548461914
0.013238191604614258
0.011739015579223633
0.01075601577758789
0.007585048675537109
0.007555961608886719
0.007639884948730469
0.009212017059326172
0.008211851119995117
0.008334875106811523
0.009613990783691406
0.012747049331665039
0.00921487808227539
0.007178068161010742
0.007498979568481445
0.007917165756225586
0.008699893951416016
0.007386922836303711
0.007513999938964844
0.008388996124267578
0.00866079330444336
0.008214950561523438
0.010989904403686523
0.00948190689086914
0.008756875991821289
0.007357120513916016
0.007647037506103516
0.007757902145385742
0.009544134140014648
0.010746002197265625
0.011703968048095703
0.012488126754760742
0.011142969131469727
0.011572837829589844
0.011684179306030273
0.011142969131469727
0.011100053787231445
0.007889986038208008
0.008228063583374023
0.011322021484375
0.011807918548583984
0.011863946914672852
0.011177778244018555
0.011181116104125977
0.009067058563232422
0.007704973220825195
0.007080078125
0.008155107498168945
0.007442951202392578
0.00842905044555664
0.010390996932983398
0.008595943450927734
0.009806156158447266
0.013637065887451172
0.011764049530029297
0.012125968933105469
0.011996984481811523
0.011656045913696289
0.03695201873779297
0.007994890213012695
0.007922172546386719
0.0073850154876708984
0.008861064910888672
0.011260032653808594
0.007669925689697266
0.0070040225982666016
0.011874914169311523
0.013702869415283203
0.011513948440551758
0.007359981536865234
0.007656097412109375
0.009196996688842773
0.011250019073486328
0.011156082153320312
0.008224010467529297
0.009372949600219727
0.012694120407104492
0.012910842895507812
0.011121034622192383
0.009357929229736328
0.011473894119262695
0.010933876037597656
0.008137941360473633
0.008764982223510742
0.010953903198242188
0.009919881820678711
0.00819706916809082
0.008917808532714844
0.009166955947875977
0.012102842330932617
0.011494159698486328
0.01150202751159668
0.011018991470336914
0.011839151382446289
0.011642932891845703
0.012736797332763672
0.011162042617797852
0.01140904426574707
0.01152491569519043
0.011415958404541016
0.011867046356201172
0.011543989181518555
0.011522054672241211
0.011927127838134766
0.011232137680053711
0.011319875717163086
0.011246919631958008
0.010998010635375977
0.011371135711669922
0.008898019790649414
0.00821685791015625
0.009488821029663086
0.008317947387695312
0.011893033981323242
0.007931947708129883
0.007643938064575195
0.008378028869628906
0.009718894958496094
0.006473064422607422
0.00857686996459961
0.006562948226928711
0.008431196212768555
0.010024070739746094
0.009318828582763672
0.006403923034667969
0.009280920028686523
0.007618904113769531
0.010326147079467773
0.009619951248168945
0.011665821075439453
0.007289886474609375
0.0068662166595458984
0.006318807601928711
0.006350994110107422
0.006323099136352539
0.006643056869506836
0.00637507438659668
0.007953166961669922
0.009151935577392578
0.01204991340637207
0.012506961822509766
0.00772404670715332
0.0069429874420166016
0.0072209835052490234
0.006463050842285156
0.0067899227142333984
0.00964498519897461
0.011339902877807617
0.009156942367553711
0.006740093231201172
0.006985902786254883
0.007477998733520508
0.007704019546508789
0.012700080871582031
0.013761043548583984
0.01228785514831543
0.012172937393188477
0.011564016342163086
0.011306047439575195
0.02265310287475586
0.011821985244750977
0.012032032012939453
0.00954294204711914
0.007730960845947266
0.006289958953857422
0.0063779354095458984
0.006536960601806641
0.00695490837097168
0.008120059967041016
0.006618022918701172
0.0073850154876708984
0.008831977844238281
0.010318994522094727
0.007943153381347656
0.005925893783569336
0.008936166763305664
0.00635981559753418
0.0060269832611083984
0.009450912475585938
0.008089780807495117
0.007949113845825195
0.007116079330444336
0.005955934524536133
0.006615877151489258
0.011798858642578125
0.009346961975097656
0.0070798397064208984
0.010318994522094727
0.0067021846771240234
0.006544828414916992
0.0061321258544921875
0.009386062622070312
0.006114006042480469
0.00608515739440918
0.007431983947753906
0.006236076354980469
0.0070688724517822266
0.007389068603515625
0.011378049850463867
0.011191129684448242
0.011275053024291992
0.011782169342041016
0.011542081832885742
0.011530876159667969
0.01229095458984375
0.011329889297485352
0.011302947998046875
0.011380910873413086
0.011448860168457031
0.011387825012207031
0.011507987976074219
0.01123499870300293
0.01137089729309082
0.011536121368408203
0.011355161666870117
0.011491060256958008
0.01131296157836914
0.011501073837280273
0.011241912841796875
0.007828950881958008
0.009131908416748047
0.008399009704589844
0.006347179412841797
0.006785869598388672
0.006484031677246094
0.006865978240966797
0.005877971649169922
0.005515098571777344
0.006007194519042969
0.005548954010009766
0.00551605224609375
0.005303144454956055
0.006066083908081055
0.007283926010131836
0.00662994384765625
0.0053751468658447266
0.0054509639739990234
0.005294084548950195
0.006477832794189453
0.007325887680053711
0.0054149627685546875
0.007313966751098633
0.011759042739868164
0.010869026184082031
0.0071849822998046875
0.01050710678100586
0.007842063903808594
0.00644683837890625
0.00807809829711914
0.006871223449707031
0.00808095932006836
0.009268045425415039
0.006857872009277344
0.007091045379638672
0.007737159729003906
0.005774021148681641
0.005903959274291992
0.0054590702056884766
0.005270957946777344
0.006352901458740234
0.006075859069824219
0.009721994400024414
0.009861946105957031
0.009171009063720703
0.007598161697387695
0.006425142288208008
0.005805015563964844
0.0058040618896484375
0.005676984786987305
0.006331920623779297
0.008373022079467773
0.0065119266510009766
0.01130986213684082
0.008800983428955078
0.008632183074951172
0.011770963668823242
0.007075071334838867
0.007623910903930664
0.008257865905761719
0.008222818374633789
0.006290912628173828
0.0062868595123291016
0.00712895393371582
0.0068700313568115234
0.006288051605224609
0.009124994277954102
0.006539821624755859
0.006759166717529297
0.01155710220336914
0.006824970245361328
0.0067729949951171875
0.006145954132080078
0.0062901973724365234
0.0067789554595947266
0.010114908218383789
0.0058629512786865234
0.005566120147705078
0.005686044692993164
0.0062940120697021484
0.006530046463012695
0.0063898563385009766
0.006561994552612305
0.006896018981933594
0.01134490966796875
0.008494853973388672
0.006407022476196289
0.007566928863525391
0.010342121124267578
0.006724119186401367
0.0073130130767822266
0.009312868118286133
0.006490945816040039
0.006868839263916016
0.007574796676635742
0.007721900939941406
0.00707697868347168
0.00925302505493164
0.01317286491394043
0.008481025695800781
0.006106138229370117
0.0059130191802978516
0.008805990219116211
0.005272865295410156
0.005496025085449219
0.005300998687744141
0.006368160247802734
0.006145000457763672
0.006567955017089844
0.005246162414550781
0.006699085235595703
0.005772829055786133
0.005194902420043945
0.005341053009033203
0.005353212356567383
0.005425930023193359
0.005877971649169922
0.005599021911621094
0.00587010383605957
0.0056819915771484375
0.0053119659423828125
0.007522106170654297
0.0075969696044921875
0.006967067718505859
0.005600929260253906
0.005970001220703125
0.00804901123046875
0.005617856979370117
0.00529789924621582
0.005468130111694336
0.005897998809814453
0.006433010101318359
0.0053920745849609375
0.005450010299682617
0.005724906921386719
0.005692005157470703
0.005221128463745117
0.005556821823120117
0.005820035934448242
0.005888938903808594
0.005624055862426758
0.0055849552154541016
0.005327939987182617
0.005630970001220703
0.0054090023040771484
0.008704185485839844
0.006605863571166992
0.005661964416503906
0.005427122116088867
0.0058498382568359375
0.0056378841400146484
0.006705045700073242
0.007810831069946289
0.007256984710693359
0.007627010345458984
0.008486032485961914
0.007647991180419922
0.005670070648193359
0.0054590702056884766
0.005854129791259766
0.005613088607788086
0.008584022521972656
0.006175041198730469
0.008924007415771484
0.0075531005859375
0.0054090023040771484
0.012259960174560547
0.010660886764526367
0.057765960693359375
0.011616945266723633
0.01153707504272461
0.012713909149169922
0.010665178298950195
0.011082172393798828
0.012639999389648438
0.011762142181396484
0.011857986450195312
0.011404991149902344
0.013566970825195312
0.010474205017089844
0.011287927627563477
0.010432958602905273
0.01265716552734375
0.011568069458007812
0.011505126953125
0.012095928192138672
0.010413885116577148
0.01043701171875
0.011391878128051758
0.011648893356323242
0.011883974075317383
0.011601924896240234
0.009974002838134766
0.010673046112060547
0.010289907455444336
0.01004791259765625
0.0077970027923583984
0.008564949035644531
0.005912065505981445
0.0078089237213134766
0.0068111419677734375
0.006340980529785156
0.007588863372802734
0.009650945663452148
0.007866859436035156
0.007606983184814453
0.007234096527099609
0.011307001113891602
0.011562108993530273
0.014254093170166016
0.017950773239135742
0.014943838119506836
0.014909029006958008
0.013992786407470703
0.011260032653808594
0.011981010437011719
0.011546134948730469
0.010807991027832031
0.011461973190307617
0.011256217956542969
0.011916160583496094
0.012127876281738281
0.011542081832885742
0.013023138046264648
0.011285066604614258
0.010161876678466797
0.009256124496459961
0.010237932205200195
0.008883953094482422
0.009267091751098633
0.010516166687011719
0.01157999038696289
0.010934114456176758
0.010841131210327148
0.009181976318359375
0.01044607162475586
0.011399984359741211
0.011302947998046875
0.00951695442199707
0.011272192001342773
0.01171112060546875
0.010663032531738281
0.008094072341918945
0.011740922927856445
0.0077779293060302734
0.008121013641357422
0.00709986686706543
0.008330106735229492
0.007380008697509766
0.00790095329284668
0.008413076400756836
0.009570121765136719
0.00750279426574707
0.007906913757324219
0.010339975357055664
0.008311033248901367
0.008478879928588867
0.006978034973144531
0.0077860355377197266
0.007977962493896484
0.008219003677368164
0.010602951049804688
0.006776094436645508
0.008243083953857422
0.009637117385864258
0.009231090545654297
0.008505105972290039
0.009095191955566406
0.008697986602783203
0.006657838821411133
0.006808042526245117
0.008545875549316406
0.007835149765014648
0.009038925170898438
0.011933088302612305
0.012274980545043945
0.009044885635375977
0.008098840713500977
0.008728981018066406
0.008170127868652344
0.0065119266510009766
0.008326053619384766
0.007003068923950195
0.010264158248901367
0.011046886444091797
0.008233070373535156
0.009226083755493164
0.008974075317382812
0.008502006530761719
0.011414051055908203
0.011226892471313477
0.011004924774169922
0.010615825653076172
0.010249137878417969
0.009645938873291016
0.009407997131347656
0.007665157318115234
0.008667945861816406
0.008944034576416016
0.009736061096191406
0.00795292854309082
0.007725954055786133
0.007966041564941406
0.006197929382324219
0.006871938705444336
0.006474018096923828
0.005755901336669922
0.010129928588867188
0.006417036056518555
0.006435871124267578
0.006143093109130859
0.009079933166503906
0.006765127182006836
0.0061299800872802734
0.006144046783447266
0.0069141387939453125
0.009588956832885742
0.006713151931762695
0.006532907485961914
0.008709907531738281
0.006193876266479492
0.007050991058349609
0.007805824279785156
0.010911941528320312
0.0135040283203125
0.01129603385925293
0.012025117874145508
0.01581287384033203
0.01022481918334961
0.006257057189941406
0.006514072418212891
0.011380910873413086
0.008300065994262695
0.009076833724975586
0.006818056106567383
0.007545948028564453
0.0074579715728759766
0.006548881530761719
0.005571126937866211
0.005608081817626953
0.005966901779174805
0.006041049957275391
0.0074498653411865234
0.006203889846801758
0.006515026092529297
0.005421876907348633
0.00810098648071289
0.006803989410400391
0.007771015167236328
0.011548995971679688
0.009103059768676758
0.006823062896728516
0.010684013366699219
0.008181095123291016
0.01064610481262207
0.011307954788208008
0.008348941802978516
0.007139921188354492
