0.0076639652252197266
0.007692813873291016
0.008408784866333008
0.010623931884765625
0.006681919097900391
0.007537126541137695
0.007567882537841797
0.00869894027709961
0.0065631866455078125
0.0072650909423828125
0.0064220428466796875
0.005362033843994141
0.005280017852783203
0.005733966827392578
0.00536799430847168
0.00539398193359375
0.006400108337402344
0.007292032241821289
0.008217811584472656
0.007089138031005859
0.0056569576263427734
0.0077440738677978516
0.006311178207397461
0.006796836853027344
0.009448051452636719
0.008276939392089844
0.00819087028503418
0.009716987609863281
0.006869077682495117
0.005953073501586914
0.009465932846069336
0.009423017501831055
0.00830698013305664
0.006439924240112305
0.007995843887329102
0.007546901702880859
0.009324073791503906
0.007695913314819336
0.008183956146240234
0.006211042404174805
0.0060269832611083984
0.007081031799316406
0.006797075271606445
0.005930900573730469
0.0063898563385009766
0.00772404670715332
0.008025169372558594
0.008592844009399414
0.011180877685546875
0.011132955551147461
0.012309074401855469
0.008544921875
0.008610963821411133
0.00861215591430664
0.006704092025756836
0.008259057998657227
0.0066890716552734375
0.007234096527099609
0.00713801383972168
0.007685184478759766
0.006564140319824219
0.010155916213989258
0.014551162719726562
0.012529134750366211
0.012067079544067383
0.013520002365112305
0.01172780990600586
0.011526107788085938
0.011620044708251953
0.011968851089477539
0.011811017990112305
0.012827157974243164
0.01264500617980957
0.011821985244750977
0.013003110885620117
0.012232065200805664
0.011916160583496094
0.011937856674194336
0.011750936508178711
0.011759042739868164
0.012367010116577148
0.01194310188293457
0.012040853500366211
0.013854026794433594
0.012855052947998047
0.012380838394165039
0.012722015380859375
0.011610031127929688
0.012279987335205078
0.011838912963867188
0.011948823928833008
0.011806011199951172
0.011965036392211914
0.015079975128173828
0.011641979217529297
0.014140129089355469
0.012524127960205078
0.013113021850585938
0.011483907699584961
0.011982202529907227
0.0123748779296875
0.011627912521362305
0.012454032897949219
0.01229405403137207
0.01151418685913086
0.011767864227294922
0.01367807388305664
0.01184391975402832
0.0111541748046875
0.01145482063293457
0.011216878890991211
0.011699914932250977
0.011689901351928711
0.011384010314941406
0.018764972686767578
0.013544797897338867
0.05603289604187012
0.011528968811035156
0.011570215225219727
0.011518001556396484
0.012108087539672852
0.011722087860107422
0.011544942855834961
0.012678861618041992
0.011886835098266602
0.018524169921875
0.012269020080566406
0.012817859649658203
0.011572122573852539
0.011521100997924805
0.011417150497436523
0.011460065841674805
0.012954950332641602
0.012463092803955078
0.01199793815612793
0.011924982070922852
0.011954069137573242
0.011152029037475586
0.011338949203491211
0.011552810668945312
0.011562824249267578
0.011731863021850586
0.011002063751220703
0.011427164077758789
0.012318134307861328
0.011307001113891602
0.01276707649230957
0.011878013610839844
0.011165142059326172
0.011680126190185547
0.0127410888671875
0.01163792610168457
0.011481046676635742
0.011794805526733398
0.012297868728637695
0.012298822402954102
0.011543989181518555
0.012015819549560547
0.01135706901550293
0.011415958404541016
0.011422157287597656
0.011697053909301758
0.011636018753051758
0.012344837188720703
0.011623859405517578
0.013682126998901367
0.011607885360717773
0.012057781219482422
0.011167049407958984
0.011564970016479492
0.011551856994628906
0.01182699203491211
0.011945962905883789
0.011390924453735352
0.012338876724243164
0.012074947357177734
0.012165069580078125
0.011339187622070312
0.01179814338684082
0.011493921279907227
0.011479854583740234
0.011323928833007812
0.011117935180664062
0.012053966522216797
0.013031005859375
0.011276006698608398
0.011476993560791016
0.011337041854858398
0.011268138885498047
0.012337923049926758
0.011878013610839844
0.011288881301879883
0.011835098266601562
0.011974811553955078
0.012185096740722656
0.011553049087524414
0.01155996322631836
0.011356830596923828
0.011312007904052734
0.011578083038330078
0.011016845703125
0.011300086975097656
0.011658191680908203
0.012017965316772461
0.013093948364257812
0.011796951293945312
0.011342048645019531
0.011656999588012695
0.011173009872436523
0.012996912002563477
0.011189937591552734
0.011934995651245117
0.01114797592163086
0.011587858200073242
0.012803077697753906
0.011229991912841797
0.010946035385131836
0.010988950729370117
0.011014938354492188
0.011258125305175781
0.011350154876708984
0.01110696792602539
0.011510133743286133
0.011668920516967773
0.012335062026977539
0.01206517219543457
0.011173009872436523
0.011548042297363281
0.011040925979614258
0.011789798736572266
0.011137962341308594
0.011111021041870117
0.3521580696105957
0.011404037475585938
0.01200103759765625
0.011767148971557617
0.011864900588989258
0.011586904525756836
0.011793851852416992
0.011911869049072266
0.011646032333374023
0.011425018310546875
0.011745214462280273
0.011596918106079102
0.011678934097290039
0.011842012405395508
0.011786937713623047
0.011870145797729492
0.012487173080444336
0.011512994766235352
0.012082099914550781
0.013022899627685547
0.011780977249145508
0.012278079986572266
0.011218070983886719
0.012315988540649414
0.012321949005126953
0.011830806732177734
0.012253999710083008
0.012809038162231445
0.011421918869018555
0.012449979782104492
0.01235198974609375
0.012465953826904297
0.011667013168334961
0.011800765991210938
0.0120849609375
0.012293815612792969
0.011439800262451172
0.011857986450195312
0.012012958526611328
0.012851953506469727
0.012217998504638672
0.011781930923461914
0.011564970016479492
0.011900901794433594
0.01151585578918457
0.011435985565185547
0.011519193649291992
0.011665105819702148
0.01149892807006836
0.012305021286010742
0.012161970138549805
0.01206207275390625
0.011844873428344727
0.011485099792480469
0.011481046676635742
0.011918067932128906
0.012498140335083008
0.011656045913696289
0.01147603988647461
0.014091014862060547
0.012331962585449219
0.04076409339904785
0.06638193130493164
0.011953115463256836
0.01711106300354004
0.023318052291870117
0.011871814727783203
0.012969017028808594
0.011639118194580078
0.012112855911254883
0.012351036071777344
0.012442827224731445
0.011173009872436523
0.009624958038330078
0.00832986831665039
0.00836801528930664
0.009011030197143555
0.008576154708862305
0.008522987365722656
0.01043701171875
0.010686874389648438
0.01119089126586914
0.014260053634643555
0.011670112609863281
0.011198997497558594
0.010725021362304688
0.011404037475585938
0.010457992553710938
0.009099960327148438
0.010280132293701172
0.011512994766235352
0.011136054992675781
0.012052774429321289
0.01057291030883789
0.01025700569152832
0.00962209701538086
0.010771036148071289
0.011047124862670898
0.011582136154174805
0.011642932891845703
0.012057065963745117
0.01240396499633789
0.011407852172851562
0.013387203216552734
0.011390209197998047
0.010866165161132812
0.008512020111083984
0.010796070098876953
0.006981849670410156
0.0065000057220458984
0.007125139236450195
0.0054090023040771484
0.005982875823974609
0.00704503059387207
0.00661015510559082
0.00811910629272461
0.008867025375366211
0.01295614242553711
0.12967801094055176
0.011132955551147461
0.01349496841430664
0.0061969757080078125
0.006845951080322266
0.00627589225769043
0.005761861801147461
0.006042003631591797
0.006233930587768555
0.0070459842681884766
0.006681919097900391
0.006515979766845703
0.0066111087799072266
0.006498098373413086
0.00662994384765625
0.006524085998535156
0.006269931793212891
0.006928920745849609
0.00675511360168457
0.00637507438659668
0.008957862854003906
0.007874011993408203
0.007912874221801758
0.00560307502746582
0.007117033004760742
0.0076618194580078125
0.00683283805847168
0.008507013320922852
0.0064890384674072266
0.005992889404296875
0.007004976272583008
0.00609898567199707
0.006367921829223633
0.0074231624603271484
0.00647282600402832
0.005980014801025391
0.0059621334075927734
0.006930112838745117
0.006181955337524414
0.007590055465698242
0.0065610408782958984
0.006707191467285156
0.006086826324462891
0.006864070892333984
0.006619930267333984
0.006936073303222656
0.0069391727447509766
0.006784915924072266
0.007477998733520508
0.005957126617431641
0.008434057235717773
0.007688999176025391
0.0060350894927978516
0.006006002426147461
0.006981849670410156
0.005815029144287109
0.006529092788696289
0.006279945373535156
0.007484912872314453
0.005677223205566406
0.008029937744140625
0.0071032047271728516
0.005872011184692383
0.0070438385009765625
0.006570100784301758
0.00951385498046875
0.006062984466552734
0.005795001983642578
0.007905960083007812
0.0058689117431640625
0.005874156951904297
0.005872011184692383
0.007153987884521484
0.006298065185546875
0.006415128707885742
0.006413936614990234
0.007031917572021484
0.00717616081237793
0.005818843841552734
0.005596160888671875
0.006865024566650391
0.007052183151245117
0.007026195526123047
0.008419990539550781
0.007984161376953125
0.005590915679931641
0.005633115768432617
0.006879091262817383
0.005934953689575195
0.0055959224700927734
0.007476091384887695
0.0073659420013427734
0.007202863693237305
0.009024858474731445
0.012159109115600586
0.012669801712036133
0.011608123779296875
0.011655092239379883
0.011263132095336914
0.011301040649414062
0.011368036270141602
0.013342857360839844
0.011566877365112305
0.012292861938476562
0.013169050216674805
0.010846853256225586
0.00957798957824707
0.01080012321472168
0.011533021926879883
0.01044917106628418
0.010457038879394531
0.011464834213256836
0.011105060577392578
0.011520862579345703
0.012130022048950195
0.012070894241333008
0.011981964111328125
0.01178598403930664
0.01123499870300293
0.011628150939941406
0.011384010314941406
0.011265039443969727
0.011338949203491211
0.011862039566040039
0.011894941329956055
0.011913061141967773
0.011965036392211914
0.011749029159545898
0.011456012725830078
0.011600971221923828
0.01137685775756836
0.011905908584594727
0.011816024780273438
0.01159811019897461
0.011303901672363281
0.011343955993652344
0.011532068252563477
0.011617898941040039
0.011408090591430664
0.011254072189331055
0.011662006378173828
0.012079000473022461
0.012621879577636719
0.011451959609985352
0.011261940002441406
0.011530160903930664
0.011295080184936523
0.011393070220947266
0.011960029602050781
0.011394023895263672
0.011513948440551758
0.011883974075317383
0.013364791870117188
0.01159811019897461
0.011228084564208984
0.011413812637329102
0.01162099838256836
0.011546850204467773
0.011243104934692383
0.011824846267700195
0.01141500473022461
0.011597871780395508
0.011440038681030273
0.011312007904052734
0.011762857437133789
0.011263132095336914
0.011399984359741211
0.011265039443969727
0.012553215026855469
0.01218104362487793
0.011584043502807617
0.012183904647827148
0.01100611686706543
0.01250600814819336
0.012423038482666016
0.011461019515991211
0.011967182159423828
0.012513875961303711
0.012333869934082031
0.011739015579223633
0.012122869491577148
0.012115001678466797
0.011716127395629883
0.012183904647827148
0.011716127395629883
0.012169122695922852
0.013445138931274414
0.011770009994506836
0.011714935302734375
0.011687994003295898
0.011747121810913086
0.011806011199951172
0.012021780014038086
0.01170206069946289
0.011778116226196289
0.01122593879699707
0.011224985122680664
0.01140904426574707
0.010637044906616211
0.011686086654663086
0.011571884155273438
0.011208057403564453
0.011555194854736328
0.011980056762695312
0.012950897216796875
0.011532068252563477
0.011790037155151367
0.011394977569580078
0.011435985565185547
0.011694908142089844
0.011889934539794922
0.010504007339477539
0.010762929916381836
0.011534929275512695
0.009824991226196289
0.009688854217529297
0.010738849639892578
0.011718034744262695
0.011306047439575195
0.011116981506347656
0.006856203079223633
0.008924007415771484
0.007646083831787109
0.00687718391418457
0.005722999572753906
0.008080005645751953
0.009461164474487305
0.011276960372924805
0.011526107788085938
0.012357950210571289
0.010058164596557617
0.00899505615234375
0.007487058639526367
0.008711099624633789
0.009098052978515625
0.007935047149658203
0.007788896560668945
0.006334066390991211
0.00799107551574707
0.011167049407958984
0.009578943252563477
0.010982990264892578
0.007853031158447266
0.007749795913696289
0.008817195892333984
0.012371063232421875
0.013139009475708008
0.012562990188598633
0.01270604133605957
0.011751890182495117
0.0073430538177490234
0.010189056396484375
0.008400201797485352
0.006414175033569336
0.006396055221557617
0.010777950286865234
0.0075359344482421875
0.006067037582397461
0.009998798370361328
0.00985097885131836
0.009351968765258789
0.012944936752319336
0.010653972625732422
0.007921934127807617
0.00892496109008789
0.008744955062866211
0.00940394401550293
0.008821964263916016
0.01105189323425293
0.010408878326416016
0.007715940475463867
0.008913040161132812
0.009452104568481445
0.00842905044555664
0.008085012435913086
0.009917020797729492
0.008231163024902344
0.00819087028503418
0.011956930160522461
0.006732940673828125
0.009155035018920898
0.011336088180541992
0.007499217987060547
0.008680105209350586
0.010320901870727539
0.010131120681762695
0.008916854858398438
0.012720108032226562
0.009847164154052734
0.007587909698486328
0.008352994918823242
0.006685018539428711
0.006461143493652344
0.008948087692260742
0.006359100341796875
0.006490945816040039
0.009219169616699219
0.012037038803100586
0.01149296760559082
0.01123189926147461
0.012675046920776367
0.0077610015869140625
0.006069183349609375
0.006320953369140625
0.0062351226806640625
0.006198883056640625
0.0065460205078125
0.006026029586791992
0.006471872329711914
0.006018877029418945
0.005555868148803711
0.006428956985473633
0.00657200813293457
0.005738973617553711
0.005374908447265625
0.007230043411254883
0.0062389373779296875
0.005446910858154297
0.005364894866943359
0.005716800689697266
0.0060122013092041016
0.00624394416809082
0.006090879440307617
0.009398937225341797
0.0058629512786865234
0.005664825439453125
0.0058939456939697266
0.006742954254150391
0.006155967712402344
0.006897926330566406
0.005525112152099609
0.005728960037231445
0.007775783538818359
0.0073969364166259766
0.005269050598144531
0.0069561004638671875
0.0067751407623291016
0.00726318359375
0.006218910217285156
0.005967140197753906
0.0058481693267822266
0.006506919860839844
0.007225990295410156
0.007141828536987305
0.008018970489501953
0.008204936981201172
0.006593227386474609
0.010506153106689453
0.00875711441040039
0.006230831146240234
0.007464170455932617
0.007879972457885742
0.010671854019165039
0.01093602180480957
0.0064618587493896484
0.007021903991699219
0.010406970977783203
0.006209135055541992
0.006356000900268555
0.006270885467529297
0.009863138198852539
0.00692296028137207
0.007170915603637695
0.008790016174316406
0.006679058074951172
0.006185054779052734
0.009113073348999023
0.006306886672973633
0.0072269439697265625
0.0071868896484375
0.01117706298828125
0.007923126220703125
0.00784921646118164
0.009729146957397461
0.011984109878540039
0.009230852127075195
0.006211996078491211
0.0065460205078125
0.008535146713256836
0.007426023483276367
0.005789995193481445
0.006531953811645508
0.00718998908996582
0.0066568851470947266
0.008003950119018555
0.006670951843261719
0.0061419010162353516
0.006814002990722656
0.006499052047729492
0.010359048843383789
0.0061490535736083984
0.0064258575439453125
0.006558895111083984
0.011291027069091797
0.00873112678527832
0.010316133499145508
0.006674051284790039
0.006646156311035156
0.012656927108764648
0.007996082305908203
0.006306886672973633
0.0072209835052490234
0.007604122161865234
0.009881973266601562
0.0074999332427978516
0.006516933441162109
0.007934093475341797
0.00775599479675293
0.008942842483520508
0.009813070297241211
0.00785207748413086
0.008536815643310547
0.007412910461425781
0.01176309585571289
0.006711006164550781
0.006143808364868164
0.005861043930053711
0.00663304328918457
0.00879812240600586
0.0073850154876708984
0.010163068771362305
0.0061681270599365234
0.006842851638793945
0.005499839782714844
0.0063130855560302734
0.00798797607421875
0.005507946014404297
0.005254030227661133
0.005448818206787109
0.0059549808502197266
0.0054318904876708984
0.005633831024169922
0.005557060241699219
0.005808830261230469
0.006640911102294922
0.009038209915161133
0.009134054183959961
0.007822990417480469
0.008272886276245117
0.0059850215911865234
0.007407188415527344
0.007752180099487305
0.006875038146972656
0.006662130355834961
0.009768009185791016
0.011673212051391602
0.0066759586334228516
0.006814002990722656
0.006300926208496094
0.006470918655395508
0.0070378780364990234
0.010049104690551758
0.011764049530029297
0.007051944732666016
0.011519193649291992
0.007478952407836914
0.006396055221557617
0.006655216217041016
0.010049104690551758
0.006866931915283203
0.006181955337524414
0.006623029708862305
0.006165027618408203
0.006083011627197266
0.00904703140258789
0.009021997451782227
0.007288932800292969
0.008788108825683594
0.008408069610595703
0.007357120513916016
0.0077970027923583984
0.01147007942199707
0.010951995849609375
0.009598970413208008
0.008972883224487305
0.006392955780029297
0.00677800178527832
0.016535043716430664
0.01162409782409668
0.008064985275268555
0.012707948684692383
0.008747100830078125
0.010228157043457031
0.008594036102294922
0.006082057952880859
0.006285905838012695
0.006233930587768555
0.0066640377044677734
0.00660395622253418
0.007019996643066406
0.006723880767822266
0.005906105041503906
0.006136894226074219
0.00811004638671875
0.00578618049621582
0.005277872085571289
0.00562286376953125
0.005957841873168945
0.0053751468658447266
0.005282878875732422
0.005522012710571289
0.005302906036376953
0.006968975067138672
0.006205081939697266
0.005580902099609375
0.005300045013427734
0.005532026290893555
0.00521397590637207
0.0052950382232666016
0.005361080169677734
0.005752086639404297
0.00562596321105957
0.005568981170654297
0.00639796257019043
0.006281137466430664
0.005445003509521484
0.005599021911621094
0.005506038665771484
0.006474971771240234
0.006460905075073242
0.0053899288177490234
0.005375862121582031
0.005837917327880859
0.006814002990722656
0.0062520503997802734
0.006412029266357422
0.006951093673706055
0.0074770450592041016
0.0057830810546875
0.00603795051574707
0.00665283203125
0.006006956100463867
0.008198022842407227
0.008145809173583984
0.007631778717041016
0.00964498519897461
0.0069751739501953125
0.007281064987182617
0.008495807647705078
0.006125926971435547
0.0063169002532958984
0.009097814559936523
0.007645845413208008
0.006134033203125
0.005812168121337891
0.011512041091918945
0.0066111087799072266
0.006498098373413086
0.0062329769134521484
0.008530139923095703
0.0063359737396240234
0.007879018783569336
0.00740504264831543
0.009694099426269531
0.006533145904541016
0.007580995559692383
0.008368968963623047
0.008244991302490234
0.008485078811645508
0.007269859313964844
0.008069038391113281
0.00925898551940918
0.009858131408691406
0.006307125091552734
0.0069239139556884766
0.007110118865966797
0.0077991485595703125
0.009032011032104492
0.008129119873046875
0.012034893035888672
0.009087085723876953
0.009833097457885742
0.009268045425415039
0.008708000183105469
0.011483907699584961
0.010251998901367188
0.007848024368286133
0.0060939788818359375
0.008242130279541016
0.009329795837402344
0.006412982940673828
0.007254838943481445
0.007073879241943359
0.0061910152435302734
0.006422996520996094
0.0060939788818359375
0.007030963897705078
0.006949901580810547
0.007166147232055664
0.006379842758178711
0.007668972015380859
0.008590936660766602
0.006871223449707031
0.007824897766113281
0.009601831436157227
0.006534099578857422
0.0064051151275634766
0.006139993667602539
0.006948947906494141
0.008181095123291016
0.006576061248779297
0.006453990936279297
0.008414983749389648
0.009512901306152344
0.010878801345825195
0.008324146270751953
0.011632204055786133
0.007678031921386719
0.006196022033691406
0.006350994110107422
0.007229804992675781
0.0075931549072265625
0.00706791877746582
0.0064449310302734375
0.00740504264831543
0.011464118957519531
0.011806011199951172
0.00760197639465332
0.007838964462280273
0.007277011871337891
0.00796198844909668
0.007972002029418945
0.006022930145263672
0.007440805435180664
0.011214017868041992
0.010715007781982422
0.011414051055908203
0.006453037261962891
0.008202075958251953
0.006933927536010742
0.0070819854736328125
0.006306886672973633
0.009774923324584961
0.008475065231323242
0.006201028823852539
0.009824037551879883
0.007215976715087891
0.0066928863525390625
0.006868124008178711
0.006515026092529297
0.011989831924438477
0.009891986846923828
0.009068965911865234
0.010635852813720703
0.010809898376464844
0.006186962127685547
0.007323026657104492
0.008344888687133789
0.0062808990478515625
0.006326913833618164
